INIT:      0    1.250    1.250    1.250
INIT:      1    3.750    1.250    1.250
INIT:      2    6.250    1.250    1.250
INIT:      3    8.750    1.250    1.250
INIT:      4   11.250    1.250    1.250
INIT:      5   13.750    1.250    1.250
INIT:      6   16.250    1.250    1.250
INIT:      7   18.750    1.250    1.250
INIT:      8   21.250    1.250    1.250
INIT:      9   23.750    1.250    1.250
INIT:     10    1.250    3.750    1.250
INIT:     11    3.750    3.750    1.250
INIT:     12    6.250    3.750    1.250
INIT:     13    8.750    3.750    1.250
INIT:     14   11.250    3.750    1.250
INIT:     15   13.750    3.750    1.250
INIT:     16   16.250    3.750    1.250
INIT:     17   18.750    3.750    1.250
INIT:     18   21.250    3.750    1.250
INIT:     19   23.750    3.750    1.250
INIT:     20    1.250    6.250    1.250
INIT:     21    3.750    6.250    1.250
INIT:     22    6.250    6.250    1.250
INIT:     23    8.750    6.250    1.250
INIT:     24   11.250    6.250    1.250
INIT:     25   13.750    6.250    1.250
INIT:     26   16.250    6.250    1.250
INIT:     27   18.750    6.250    1.250
INIT:     28   21.250    6.250    1.250
INIT:     29   23.750    6.250    1.250
INIT:     30    1.250    8.750    1.250
INIT:     31    3.750    8.750    1.250
INIT:     32    6.250    8.750    1.250
INIT:     33    8.750    8.750    1.250
INIT:     34   11.250    8.750    1.250
INIT:     35   13.750    8.750    1.250
INIT:     36   16.250    8.750    1.250
INIT:     37   18.750    8.750    1.250
INIT:     38   21.250    8.750    1.250
INIT:     39   23.750    8.750    1.250
INIT:     40    1.250   11.250    1.250
INIT:     41    3.750   11.250    1.250
INIT:     42    6.250   11.250    1.250
INIT:     43    8.750   11.250    1.250
INIT:     44   11.250   11.250    1.250
INIT:     45   13.750   11.250    1.250
INIT:     46   16.250   11.250    1.250
INIT:     47   18.750   11.250    1.250
INIT:     48   21.250   11.250    1.250
INIT:     49   23.750   11.250    1.250
INIT:     50    1.250   13.750    1.250
INIT:     51    3.750   13.750    1.250
INIT:     52    6.250   13.750    1.250
INIT:     53    8.750   13.750    1.250
INIT:     54   11.250   13.750    1.250
INIT:     55   13.750   13.750    1.250
INIT:     56   16.250   13.750    1.250
INIT:     57   18.750   13.750    1.250
INIT:     58   21.250   13.750    1.250
INIT:     59   23.750   13.750    1.250
INIT:     60    1.250   16.250    1.250
INIT:     61    3.750   16.250    1.250
INIT:     62    6.250   16.250    1.250
INIT:     63    8.750   16.250    1.250
INIT:     64   11.250   16.250    1.250
INIT:     65   13.750   16.250    1.250
INIT:     66   16.250   16.250    1.250
INIT:     67   18.750   16.250    1.250
INIT:     68   21.250   16.250    1.250
INIT:     69   23.750   16.250    1.250
INIT:     70    1.250   18.750    1.250
INIT:     71    3.750   18.750    1.250
INIT:     72    6.250   18.750    1.250
INIT:     73    8.750   18.750    1.250
INIT:     74   11.250   18.750    1.250
INIT:     75   13.750   18.750    1.250
INIT:     76   16.250   18.750    1.250
INIT:     77   18.750   18.750    1.250
INIT:     78   21.250   18.750    1.250
INIT:     79   23.750   18.750    1.250
INIT:     80    1.250   21.250    1.250
INIT:     81    3.750   21.250    1.250
INIT:     82    6.250   21.250    1.250
INIT:     83    8.750   21.250    1.250
INIT:     84   11.250   21.250    1.250
INIT:     85   13.750   21.250    1.250
INIT:     86   16.250   21.250    1.250
INIT:     87   18.750   21.250    1.250
INIT:     88   21.250   21.250    1.250
INIT:     89   23.750   21.250    1.250
INIT:     90    1.250   23.750    1.250
INIT:     91    3.750   23.750    1.250
INIT:     92    6.250   23.750    1.250
INIT:     93    8.750   23.750    1.250
INIT:     94   11.250   23.750    1.250
INIT:     95   13.750   23.750    1.250
INIT:     96   16.250   23.750    1.250
INIT:     97   18.750   23.750    1.250
INIT:     98   21.250   23.750    1.250
INIT:     99   23.750   23.750    1.250
INIT:    100    1.250    1.250    3.750
INIT:    101    3.750    1.250    3.750
INIT:    102    6.250    1.250    3.750
INIT:    103    8.750    1.250    3.750
INIT:    104   11.250    1.250    3.750
INIT:    105   13.750    1.250    3.750
INIT:    106   16.250    1.250    3.750
INIT:    107   18.750    1.250    3.750
INIT:    108   21.250    1.250    3.750
INIT:    109   23.750    1.250    3.750
INIT:    110    1.250    3.750    3.750
INIT:    111    3.750    3.750    3.750
INIT:    112    6.250    3.750    3.750
INIT:    113    8.750    3.750    3.750
INIT:    114   11.250    3.750    3.750
INIT:    115   13.750    3.750    3.750
INIT:    116   16.250    3.750    3.750
INIT:    117   18.750    3.750    3.750
INIT:    118   21.250    3.750    3.750
INIT:    119   23.750    3.750    3.750
INIT:    120    1.250    6.250    3.750
INIT:    121    3.750    6.250    3.750
INIT:    122    6.250    6.250    3.750
INIT:    123    8.750    6.250    3.750
INIT:    124   11.250    6.250    3.750
INIT:    125   13.750    6.250    3.750
INIT:    126   16.250    6.250    3.750
INIT:    127   18.750    6.250    3.750
INIT:    128   21.250    6.250    3.750
INIT:    129   23.750    6.250    3.750
INIT:    130    1.250    8.750    3.750
INIT:    131    3.750    8.750    3.750
INIT:    132    6.250    8.750    3.750
INIT:    133    8.750    8.750    3.750
INIT:    134   11.250    8.750    3.750
INIT:    135   13.750    8.750    3.750
INIT:    136   16.250    8.750    3.750
INIT:    137   18.750    8.750    3.750
INIT:    138   21.250    8.750    3.750
INIT:    139   23.750    8.750    3.750
INIT:    140    1.250   11.250    3.750
INIT:    141    3.750   11.250    3.750
INIT:    142    6.250   11.250    3.750
INIT:    143    8.750   11.250    3.750
INIT:    144   11.250   11.250    3.750
INIT:    145   13.750   11.250    3.750
INIT:    146   16.250   11.250    3.750
INIT:    147   18.750   11.250    3.750
INIT:    148   21.250   11.250    3.750
INIT:    149   23.750   11.250    3.750
INIT:    150    1.250   13.750    3.750
INIT:    151    3.750   13.750    3.750
INIT:    152    6.250   13.750    3.750
INIT:    153    8.750   13.750    3.750
INIT:    154   11.250   13.750    3.750
INIT:    155   13.750   13.750    3.750
INIT:    156   16.250   13.750    3.750
INIT:    157   18.750   13.750    3.750
INIT:    158   21.250   13.750    3.750
INIT:    159   23.750   13.750    3.750
INIT:    160    1.250   16.250    3.750
INIT:    161    3.750   16.250    3.750
INIT:    162    6.250   16.250    3.750
INIT:    163    8.750   16.250    3.750
INIT:    164   11.250   16.250    3.750
INIT:    165   13.750   16.250    3.750
INIT:    166   16.250   16.250    3.750
INIT:    167   18.750   16.250    3.750
INIT:    168   21.250   16.250    3.750
INIT:    169   23.750   16.250    3.750
INIT:    170    1.250   18.750    3.750
INIT:    171    3.750   18.750    3.750
INIT:    172    6.250   18.750    3.750
INIT:    173    8.750   18.750    3.750
INIT:    174   11.250   18.750    3.750
INIT:    175   13.750   18.750    3.750
INIT:    176   16.250   18.750    3.750
INIT:    177   18.750   18.750    3.750
INIT:    178   21.250   18.750    3.750
INIT:    179   23.750   18.750    3.750
INIT:    180    1.250   21.250    3.750
INIT:    181    3.750   21.250    3.750
INIT:    182    6.250   21.250    3.750
INIT:    183    8.750   21.250    3.750
INIT:    184   11.250   21.250    3.750
INIT:    185   13.750   21.250    3.750
INIT:    186   16.250   21.250    3.750
INIT:    187   18.750   21.250    3.750
INIT:    188   21.250   21.250    3.750
INIT:    189   23.750   21.250    3.750
INIT:    190    1.250   23.750    3.750
INIT:    191    3.750   23.750    3.750
INIT:    192    6.250   23.750    3.750
INIT:    193    8.750   23.750    3.750
INIT:    194   11.250   23.750    3.750
INIT:    195   13.750   23.750    3.750
INIT:    196   16.250   23.750    3.750
INIT:    197   18.750   23.750    3.750
INIT:    198   21.250   23.750    3.750
INIT:    199   23.750   23.750    3.750
INIT:    200    1.250    1.250    6.250
INIT:    201    3.750    1.250    6.250
INIT:    202    6.250    1.250    6.250
INIT:    203    8.750    1.250    6.250
INIT:    204   11.250    1.250    6.250
INIT:    205   13.750    1.250    6.250
INIT:    206   16.250    1.250    6.250
INIT:    207   18.750    1.250    6.250
INIT:    208   21.250    1.250    6.250
INIT:    209   23.750    1.250    6.250
INIT:    210    1.250    3.750    6.250
INIT:    211    3.750    3.750    6.250
INIT:    212    6.250    3.750    6.250
INIT:    213    8.750    3.750    6.250
INIT:    214   11.250    3.750    6.250
INIT:    215   13.750    3.750    6.250
INIT:    216   16.250    3.750    6.250
INIT:    217   18.750    3.750    6.250
INIT:    218   21.250    3.750    6.250
INIT:    219   23.750    3.750    6.250
INIT:    220    1.250    6.250    6.250
INIT:    221    3.750    6.250    6.250
INIT:    222    6.250    6.250    6.250
INIT:    223    8.750    6.250    6.250
INIT:    224   11.250    6.250    6.250
INIT:    225   13.750    6.250    6.250
INIT:    226   16.250    6.250    6.250
INIT:    227   18.750    6.250    6.250
INIT:    228   21.250    6.250    6.250
INIT:    229   23.750    6.250    6.250
INIT:    230    1.250    8.750    6.250
INIT:    231    3.750    8.750    6.250
INIT:    232    6.250    8.750    6.250
INIT:    233    8.750    8.750    6.250
INIT:    234   11.250    8.750    6.250
INIT:    235   13.750    8.750    6.250
INIT:    236   16.250    8.750    6.250
INIT:    237   18.750    8.750    6.250
INIT:    238   21.250    8.750    6.250
INIT:    239   23.750    8.750    6.250
INIT:    240    1.250   11.250    6.250
INIT:    241    3.750   11.250    6.250
INIT:    242    6.250   11.250    6.250
INIT:    243    8.750   11.250    6.250
INIT:    244   11.250   11.250    6.250
INIT:    245   13.750   11.250    6.250
INIT:    246   16.250   11.250    6.250
INIT:    247   18.750   11.250    6.250
INIT:    248   21.250   11.250    6.250
INIT:    249   23.750   11.250    6.250
INIT:    250    1.250   13.750    6.250
INIT:    251    3.750   13.750    6.250
INIT:    252    6.250   13.750    6.250
INIT:    253    8.750   13.750    6.250
INIT:    254   11.250   13.750    6.250
INIT:    255   13.750   13.750    6.250
INIT:    256   16.250   13.750    6.250
INIT:    257   18.750   13.750    6.250
INIT:    258   21.250   13.750    6.250
INIT:    259   23.750   13.750    6.250
INIT:    260    1.250   16.250    6.250
INIT:    261    3.750   16.250    6.250
INIT:    262    6.250   16.250    6.250
INIT:    263    8.750   16.250    6.250
INIT:    264   11.250   16.250    6.250
INIT:    265   13.750   16.250    6.250
INIT:    266   16.250   16.250    6.250
INIT:    267   18.750   16.250    6.250
INIT:    268   21.250   16.250    6.250
INIT:    269   23.750   16.250    6.250
INIT:    270    1.250   18.750    6.250
INIT:    271    3.750   18.750    6.250
INIT:    272    6.250   18.750    6.250
INIT:    273    8.750   18.750    6.250
INIT:    274   11.250   18.750    6.250
INIT:    275   13.750   18.750    6.250
INIT:    276   16.250   18.750    6.250
INIT:    277   18.750   18.750    6.250
INIT:    278   21.250   18.750    6.250
INIT:    279   23.750   18.750    6.250
INIT:    280    1.250   21.250    6.250
INIT:    281    3.750   21.250    6.250
INIT:    282    6.250   21.250    6.250
INIT:    283    8.750   21.250    6.250
INIT:    284   11.250   21.250    6.250
INIT:    285   13.750   21.250    6.250
INIT:    286   16.250   21.250    6.250
INIT:    287   18.750   21.250    6.250
INIT:    288   21.250   21.250    6.250
INIT:    289   23.750   21.250    6.250
INIT:    290    1.250   23.750    6.250
INIT:    291    3.750   23.750    6.250
INIT:    292    6.250   23.750    6.250
INIT:    293    8.750   23.750    6.250
INIT:    294   11.250   23.750    6.250
INIT:    295   13.750   23.750    6.250
INIT:    296   16.250   23.750    6.250
INIT:    297   18.750   23.750    6.250
INIT:    298   21.250   23.750    6.250
INIT:    299   23.750   23.750    6.250
INIT:    300    1.250    1.250    8.750
INIT:    301    3.750    1.250    8.750
INIT:    302    6.250    1.250    8.750
INIT:    303    8.750    1.250    8.750
INIT:    304   11.250    1.250    8.750
INIT:    305   13.750    1.250    8.750
INIT:    306   16.250    1.250    8.750
INIT:    307   18.750    1.250    8.750
INIT:    308   21.250    1.250    8.750
INIT:    309   23.750    1.250    8.750
INIT:    310    1.250    3.750    8.750
INIT:    311    3.750    3.750    8.750
INIT:    312    6.250    3.750    8.750
INIT:    313    8.750    3.750    8.750
INIT:    314   11.250    3.750    8.750
INIT:    315   13.750    3.750    8.750
INIT:    316   16.250    3.750    8.750
INIT:    317   18.750    3.750    8.750
INIT:    318   21.250    3.750    8.750
INIT:    319   23.750    3.750    8.750
INIT:    320    1.250    6.250    8.750
INIT:    321    3.750    6.250    8.750
INIT:    322    6.250    6.250    8.750
INIT:    323    8.750    6.250    8.750
INIT:    324   11.250    6.250    8.750
INIT:    325   13.750    6.250    8.750
INIT:    326   16.250    6.250    8.750
INIT:    327   18.750    6.250    8.750
INIT:    328   21.250    6.250    8.750
INIT:    329   23.750    6.250    8.750
INIT:    330    1.250    8.750    8.750
INIT:    331    3.750    8.750    8.750
INIT:    332    6.250    8.750    8.750
INIT:    333    8.750    8.750    8.750
INIT:    334   11.250    8.750    8.750
INIT:    335   13.750    8.750    8.750
INIT:    336   16.250    8.750    8.750
INIT:    337   18.750    8.750    8.750
INIT:    338   21.250    8.750    8.750
INIT:    339   23.750    8.750    8.750
INIT:    340    1.250   11.250    8.750
INIT:    341    3.750   11.250    8.750
INIT:    342    6.250   11.250    8.750
INIT:    343    8.750   11.250    8.750
INIT:    344   11.250   11.250    8.750
INIT:    345   13.750   11.250    8.750
INIT:    346   16.250   11.250    8.750
INIT:    347   18.750   11.250    8.750
INIT:    348   21.250   11.250    8.750
INIT:    349   23.750   11.250    8.750
INIT:    350    1.250   13.750    8.750
INIT:    351    3.750   13.750    8.750
INIT:    352    6.250   13.750    8.750
INIT:    353    8.750   13.750    8.750
INIT:    354   11.250   13.750    8.750
INIT:    355   13.750   13.750    8.750
INIT:    356   16.250   13.750    8.750
INIT:    357   18.750   13.750    8.750
INIT:    358   21.250   13.750    8.750
INIT:    359   23.750   13.750    8.750
INIT:    360    1.250   16.250    8.750
INIT:    361    3.750   16.250    8.750
INIT:    362    6.250   16.250    8.750
INIT:    363    8.750   16.250    8.750
INIT:    364   11.250   16.250    8.750
INIT:    365   13.750   16.250    8.750
INIT:    366   16.250   16.250    8.750
INIT:    367   18.750   16.250    8.750
INIT:    368   21.250   16.250    8.750
INIT:    369   23.750   16.250    8.750
INIT:    370    1.250   18.750    8.750
INIT:    371    3.750   18.750    8.750
INIT:    372    6.250   18.750    8.750
INIT:    373    8.750   18.750    8.750
INIT:    374   11.250   18.750    8.750
INIT:    375   13.750   18.750    8.750
INIT:    376   16.250   18.750    8.750
INIT:    377   18.750   18.750    8.750
INIT:    378   21.250   18.750    8.750
INIT:    379   23.750   18.750    8.750
INIT:    380    1.250   21.250    8.750
INIT:    381    3.750   21.250    8.750
INIT:    382    6.250   21.250    8.750
INIT:    383    8.750   21.250    8.750
INIT:    384   11.250   21.250    8.750
INIT:    385   13.750   21.250    8.750
INIT:    386   16.250   21.250    8.750
INIT:    387   18.750   21.250    8.750
INIT:    388   21.250   21.250    8.750
INIT:    389   23.750   21.250    8.750
INIT:    390    1.250   23.750    8.750
INIT:    391    3.750   23.750    8.750
INIT:    392    6.250   23.750    8.750
INIT:    393    8.750   23.750    8.750
INIT:    394   11.250   23.750    8.750
INIT:    395   13.750   23.750    8.750
INIT:    396   16.250   23.750    8.750
INIT:    397   18.750   23.750    8.750
INIT:    398   21.250   23.750    8.750
INIT:    399   23.750   23.750    8.750
INIT:    400    1.250    1.250   11.250
INIT:    401    3.750    1.250   11.250
INIT:    402    6.250    1.250   11.250
INIT:    403    8.750    1.250   11.250
INIT:    404   11.250    1.250   11.250
INIT:    405   13.750    1.250   11.250
INIT:    406   16.250    1.250   11.250
INIT:    407   18.750    1.250   11.250
INIT:    408   21.250    1.250   11.250
INIT:    409   23.750    1.250   11.250
INIT:    410    1.250    3.750   11.250
INIT:    411    3.750    3.750   11.250
INIT:    412    6.250    3.750   11.250
INIT:    413    8.750    3.750   11.250
INIT:    414   11.250    3.750   11.250
INIT:    415   13.750    3.750   11.250
INIT:    416   16.250    3.750   11.250
INIT:    417   18.750    3.750   11.250
INIT:    418   21.250    3.750   11.250
INIT:    419   23.750    3.750   11.250
INIT:    420    1.250    6.250   11.250
INIT:    421    3.750    6.250   11.250
INIT:    422    6.250    6.250   11.250
INIT:    423    8.750    6.250   11.250
INIT:    424   11.250    6.250   11.250
INIT:    425   13.750    6.250   11.250
INIT:    426   16.250    6.250   11.250
INIT:    427   18.750    6.250   11.250
INIT:    428   21.250    6.250   11.250
INIT:    429   23.750    6.250   11.250
INIT:    430    1.250    8.750   11.250
INIT:    431    3.750    8.750   11.250
INIT:    432    6.250    8.750   11.250
INIT:    433    8.750    8.750   11.250
INIT:    434   11.250    8.750   11.250
INIT:    435   13.750    8.750   11.250
INIT:    436   16.250    8.750   11.250
INIT:    437   18.750    8.750   11.250
INIT:    438   21.250    8.750   11.250
INIT:    439   23.750    8.750   11.250
INIT:    440    1.250   11.250   11.250
INIT:    441    3.750   11.250   11.250
INIT:    442    6.250   11.250   11.250
INIT:    443    8.750   11.250   11.250
INIT:    444   11.250   11.250   11.250
INIT:    445   13.750   11.250   11.250
INIT:    446   16.250   11.250   11.250
INIT:    447   18.750   11.250   11.250
INIT:    448   21.250   11.250   11.250
INIT:    449   23.750   11.250   11.250
INIT:    450    1.250   13.750   11.250
INIT:    451    3.750   13.750   11.250
INIT:    452    6.250   13.750   11.250
INIT:    453    8.750   13.750   11.250
INIT:    454   11.250   13.750   11.250
INIT:    455   13.750   13.750   11.250
INIT:    456   16.250   13.750   11.250
INIT:    457   18.750   13.750   11.250
INIT:    458   21.250   13.750   11.250
INIT:    459   23.750   13.750   11.250
INIT:    460    1.250   16.250   11.250
INIT:    461    3.750   16.250   11.250
INIT:    462    6.250   16.250   11.250
INIT:    463    8.750   16.250   11.250
INIT:    464   11.250   16.250   11.250
INIT:    465   13.750   16.250   11.250
INIT:    466   16.250   16.250   11.250
INIT:    467   18.750   16.250   11.250
INIT:    468   21.250   16.250   11.250
INIT:    469   23.750   16.250   11.250
INIT:    470    1.250   18.750   11.250
INIT:    471    3.750   18.750   11.250
INIT:    472    6.250   18.750   11.250
INIT:    473    8.750   18.750   11.250
INIT:    474   11.250   18.750   11.250
INIT:    475   13.750   18.750   11.250
INIT:    476   16.250   18.750   11.250
INIT:    477   18.750   18.750   11.250
INIT:    478   21.250   18.750   11.250
INIT:    479   23.750   18.750   11.250
INIT:    480    1.250   21.250   11.250
INIT:    481    3.750   21.250   11.250
INIT:    482    6.250   21.250   11.250
INIT:    483    8.750   21.250   11.250
INIT:    484   11.250   21.250   11.250
INIT:    485   13.750   21.250   11.250
INIT:    486   16.250   21.250   11.250
INIT:    487   18.750   21.250   11.250
INIT:    488   21.250   21.250   11.250
INIT:    489   23.750   21.250   11.250
INIT:    490    1.250   23.750   11.250
INIT:    491    3.750   23.750   11.250
INIT:    492    6.250   23.750   11.250
INIT:    493    8.750   23.750   11.250
INIT:    494   11.250   23.750   11.250
INIT:    495   13.750   23.750   11.250
INIT:    496   16.250   23.750   11.250
INIT:    497   18.750   23.750   11.250
INIT:    498   21.250   23.750   11.250
INIT:    499   23.750   23.750   11.250
INIT:    500    1.250    1.250   13.750
INIT:    501    3.750    1.250   13.750
INIT:    502    6.250    1.250   13.750
INIT:    503    8.750    1.250   13.750
INIT:    504   11.250    1.250   13.750
INIT:    505   13.750    1.250   13.750
INIT:    506   16.250    1.250   13.750
INIT:    507   18.750    1.250   13.750
INIT:    508   21.250    1.250   13.750
INIT:    509   23.750    1.250   13.750
INIT:    510    1.250    3.750   13.750
INIT:    511    3.750    3.750   13.750
INIT:    512    6.250    3.750   13.750
INIT:    513    8.750    3.750   13.750
INIT:    514   11.250    3.750   13.750
INIT:    515   13.750    3.750   13.750
INIT:    516   16.250    3.750   13.750
INIT:    517   18.750    3.750   13.750
INIT:    518   21.250    3.750   13.750
INIT:    519   23.750    3.750   13.750
INIT:    520    1.250    6.250   13.750
INIT:    521    3.750    6.250   13.750
INIT:    522    6.250    6.250   13.750
INIT:    523    8.750    6.250   13.750
INIT:    524   11.250    6.250   13.750
INIT:    525   13.750    6.250   13.750
INIT:    526   16.250    6.250   13.750
INIT:    527   18.750    6.250   13.750
INIT:    528   21.250    6.250   13.750
INIT:    529   23.750    6.250   13.750
INIT:    530    1.250    8.750   13.750
INIT:    531    3.750    8.750   13.750
INIT:    532    6.250    8.750   13.750
INIT:    533    8.750    8.750   13.750
INIT:    534   11.250    8.750   13.750
INIT:    535   13.750    8.750   13.750
INIT:    536   16.250    8.750   13.750
INIT:    537   18.750    8.750   13.750
INIT:    538   21.250    8.750   13.750
INIT:    539   23.750    8.750   13.750
INIT:    540    1.250   11.250   13.750
INIT:    541    3.750   11.250   13.750
INIT:    542    6.250   11.250   13.750
INIT:    543    8.750   11.250   13.750
INIT:    544   11.250   11.250   13.750
INIT:    545   13.750   11.250   13.750
INIT:    546   16.250   11.250   13.750
INIT:    547   18.750   11.250   13.750
INIT:    548   21.250   11.250   13.750
INIT:    549   23.750   11.250   13.750
INIT:    550    1.250   13.750   13.750
INIT:    551    3.750   13.750   13.750
INIT:    552    6.250   13.750   13.750
INIT:    553    8.750   13.750   13.750
INIT:    554   11.250   13.750   13.750
INIT:    555   13.750   13.750   13.750
INIT:    556   16.250   13.750   13.750
INIT:    557   18.750   13.750   13.750
INIT:    558   21.250   13.750   13.750
INIT:    559   23.750   13.750   13.750
INIT:    560    1.250   16.250   13.750
INIT:    561    3.750   16.250   13.750
INIT:    562    6.250   16.250   13.750
INIT:    563    8.750   16.250   13.750
INIT:    564   11.250   16.250   13.750
INIT:    565   13.750   16.250   13.750
INIT:    566   16.250   16.250   13.750
INIT:    567   18.750   16.250   13.750
INIT:    568   21.250   16.250   13.750
INIT:    569   23.750   16.250   13.750
INIT:    570    1.250   18.750   13.750
INIT:    571    3.750   18.750   13.750
INIT:    572    6.250   18.750   13.750
INIT:    573    8.750   18.750   13.750
INIT:    574   11.250   18.750   13.750
INIT:    575   13.750   18.750   13.750
INIT:    576   16.250   18.750   13.750
INIT:    577   18.750   18.750   13.750
INIT:    578   21.250   18.750   13.750
INIT:    579   23.750   18.750   13.750
INIT:    580    1.250   21.250   13.750
INIT:    581    3.750   21.250   13.750
INIT:    582    6.250   21.250   13.750
INIT:    583    8.750   21.250   13.750
INIT:    584   11.250   21.250   13.750
INIT:    585   13.750   21.250   13.750
INIT:    586   16.250   21.250   13.750
INIT:    587   18.750   21.250   13.750
INIT:    588   21.250   21.250   13.750
INIT:    589   23.750   21.250   13.750
INIT:    590    1.250   23.750   13.750
INIT:    591    3.750   23.750   13.750
INIT:    592    6.250   23.750   13.750
INIT:    593    8.750   23.750   13.750
INIT:    594   11.250   23.750   13.750
INIT:    595   13.750   23.750   13.750
INIT:    596   16.250   23.750   13.750
INIT:    597   18.750   23.750   13.750
INIT:    598   21.250   23.750   13.750
INIT:    599   23.750   23.750   13.750
INIT:    600    1.250    1.250   16.250
INIT:    601    3.750    1.250   16.250
INIT:    602    6.250    1.250   16.250
INIT:    603    8.750    1.250   16.250
INIT:    604   11.250    1.250   16.250
INIT:    605   13.750    1.250   16.250
INIT:    606   16.250    1.250   16.250
INIT:    607   18.750    1.250   16.250
INIT:    608   21.250    1.250   16.250
INIT:    609   23.750    1.250   16.250
INIT:    610    1.250    3.750   16.250
INIT:    611    3.750    3.750   16.250
INIT:    612    6.250    3.750   16.250
INIT:    613    8.750    3.750   16.250
INIT:    614   11.250    3.750   16.250
INIT:    615   13.750    3.750   16.250
INIT:    616   16.250    3.750   16.250
INIT:    617   18.750    3.750   16.250
INIT:    618   21.250    3.750   16.250
INIT:    619   23.750    3.750   16.250
INIT:    620    1.250    6.250   16.250
INIT:    621    3.750    6.250   16.250
INIT:    622    6.250    6.250   16.250
INIT:    623    8.750    6.250   16.250
INIT:    624   11.250    6.250   16.250
INIT:    625   13.750    6.250   16.250
INIT:    626   16.250    6.250   16.250
INIT:    627   18.750    6.250   16.250
INIT:    628   21.250    6.250   16.250
INIT:    629   23.750    6.250   16.250
INIT:    630    1.250    8.750   16.250
INIT:    631    3.750    8.750   16.250
INIT:    632    6.250    8.750   16.250
INIT:    633    8.750    8.750   16.250
INIT:    634   11.250    8.750   16.250
INIT:    635   13.750    8.750   16.250
INIT:    636   16.250    8.750   16.250
INIT:    637   18.750    8.750   16.250
INIT:    638   21.250    8.750   16.250
INIT:    639   23.750    8.750   16.250
INIT:    640    1.250   11.250   16.250
INIT:    641    3.750   11.250   16.250
INIT:    642    6.250   11.250   16.250
INIT:    643    8.750   11.250   16.250
INIT:    644   11.250   11.250   16.250
INIT:    645   13.750   11.250   16.250
INIT:    646   16.250   11.250   16.250
INIT:    647   18.750   11.250   16.250
INIT:    648   21.250   11.250   16.250
INIT:    649   23.750   11.250   16.250
INIT:    650    1.250   13.750   16.250
INIT:    651    3.750   13.750   16.250
INIT:    652    6.250   13.750   16.250
INIT:    653    8.750   13.750   16.250
INIT:    654   11.250   13.750   16.250
INIT:    655   13.750   13.750   16.250
INIT:    656   16.250   13.750   16.250
INIT:    657   18.750   13.750   16.250
INIT:    658   21.250   13.750   16.250
INIT:    659   23.750   13.750   16.250
INIT:    660    1.250   16.250   16.250
INIT:    661    3.750   16.250   16.250
INIT:    662    6.250   16.250   16.250
INIT:    663    8.750   16.250   16.250
INIT:    664   11.250   16.250   16.250
INIT:    665   13.750   16.250   16.250
INIT:    666   16.250   16.250   16.250
INIT:    667   18.750   16.250   16.250
INIT:    668   21.250   16.250   16.250
INIT:    669   23.750   16.250   16.250
INIT:    670    1.250   18.750   16.250
INIT:    671    3.750   18.750   16.250
INIT:    672    6.250   18.750   16.250
INIT:    673    8.750   18.750   16.250
INIT:    674   11.250   18.750   16.250
INIT:    675   13.750   18.750   16.250
INIT:    676   16.250   18.750   16.250
INIT:    677   18.750   18.750   16.250
INIT:    678   21.250   18.750   16.250
INIT:    679   23.750   18.750   16.250
INIT:    680    1.250   21.250   16.250
INIT:    681    3.750   21.250   16.250
INIT:    682    6.250   21.250   16.250
INIT:    683    8.750   21.250   16.250
INIT:    684   11.250   21.250   16.250
INIT:    685   13.750   21.250   16.250
INIT:    686   16.250   21.250   16.250
INIT:    687   18.750   21.250   16.250
INIT:    688   21.250   21.250   16.250
INIT:    689   23.750   21.250   16.250
INIT:    690    1.250   23.750   16.250
INIT:    691    3.750   23.750   16.250
INIT:    692    6.250   23.750   16.250
INIT:    693    8.750   23.750   16.250
INIT:    694   11.250   23.750   16.250
INIT:    695   13.750   23.750   16.250
INIT:    696   16.250   23.750   16.250
INIT:    697   18.750   23.750   16.250
INIT:    698   21.250   23.750   16.250
INIT:    699   23.750   23.750   16.250
INIT:    700    1.250    1.250   18.750
INIT:    701    3.750    1.250   18.750
INIT:    702    6.250    1.250   18.750
INIT:    703    8.750    1.250   18.750
INIT:    704   11.250    1.250   18.750
INIT:    705   13.750    1.250   18.750
INIT:    706   16.250    1.250   18.750
INIT:    707   18.750    1.250   18.750
INIT:    708   21.250    1.250   18.750
INIT:    709   23.750    1.250   18.750
INIT:    710    1.250    3.750   18.750
INIT:    711    3.750    3.750   18.750
INIT:    712    6.250    3.750   18.750
INIT:    713    8.750    3.750   18.750
INIT:    714   11.250    3.750   18.750
INIT:    715   13.750    3.750   18.750
INIT:    716   16.250    3.750   18.750
INIT:    717   18.750    3.750   18.750
INIT:    718   21.250    3.750   18.750
INIT:    719   23.750    3.750   18.750
INIT:    720    1.250    6.250   18.750
INIT:    721    3.750    6.250   18.750
INIT:    722    6.250    6.250   18.750
INIT:    723    8.750    6.250   18.750
INIT:    724   11.250    6.250   18.750
INIT:    725   13.750    6.250   18.750
INIT:    726   16.250    6.250   18.750
INIT:    727   18.750    6.250   18.750
INIT:    728   21.250    6.250   18.750
INIT:    729   23.750    6.250   18.750
INIT:    730    1.250    8.750   18.750
INIT:    731    3.750    8.750   18.750
INIT:    732    6.250    8.750   18.750
INIT:    733    8.750    8.750   18.750
INIT:    734   11.250    8.750   18.750
INIT:    735   13.750    8.750   18.750
INIT:    736   16.250    8.750   18.750
INIT:    737   18.750    8.750   18.750
INIT:    738   21.250    8.750   18.750
INIT:    739   23.750    8.750   18.750
INIT:    740    1.250   11.250   18.750
INIT:    741    3.750   11.250   18.750
INIT:    742    6.250   11.250   18.750
INIT:    743    8.750   11.250   18.750
INIT:    744   11.250   11.250   18.750
INIT:    745   13.750   11.250   18.750
INIT:    746   16.250   11.250   18.750
INIT:    747   18.750   11.250   18.750
INIT:    748   21.250   11.250   18.750
INIT:    749   23.750   11.250   18.750
INIT:    750    1.250   13.750   18.750
INIT:    751    3.750   13.750   18.750
INIT:    752    6.250   13.750   18.750
INIT:    753    8.750   13.750   18.750
INIT:    754   11.250   13.750   18.750
INIT:    755   13.750   13.750   18.750
INIT:    756   16.250   13.750   18.750
INIT:    757   18.750   13.750   18.750
INIT:    758   21.250   13.750   18.750
INIT:    759   23.750   13.750   18.750
INIT:    760    1.250   16.250   18.750
INIT:    761    3.750   16.250   18.750
INIT:    762    6.250   16.250   18.750
INIT:    763    8.750   16.250   18.750
INIT:    764   11.250   16.250   18.750
INIT:    765   13.750   16.250   18.750
INIT:    766   16.250   16.250   18.750
INIT:    767   18.750   16.250   18.750
INIT:    768   21.250   16.250   18.750
INIT:    769   23.750   16.250   18.750
INIT:    770    1.250   18.750   18.750
INIT:    771    3.750   18.750   18.750
INIT:    772    6.250   18.750   18.750
INIT:    773    8.750   18.750   18.750
INIT:    774   11.250   18.750   18.750
INIT:    775   13.750   18.750   18.750
INIT:    776   16.250   18.750   18.750
INIT:    777   18.750   18.750   18.750
INIT:    778   21.250   18.750   18.750
INIT:    779   23.750   18.750   18.750
INIT:    780    1.250   21.250   18.750
INIT:    781    3.750   21.250   18.750
INIT:    782    6.250   21.250   18.750
INIT:    783    8.750   21.250   18.750
INIT:    784   11.250   21.250   18.750
INIT:    785   13.750   21.250   18.750
INIT:    786   16.250   21.250   18.750
INIT:    787   18.750   21.250   18.750
INIT:    788   21.250   21.250   18.750
INIT:    789   23.750   21.250   18.750
INIT:    790    1.250   23.750   18.750
INIT:    791    3.750   23.750   18.750
INIT:    792    6.250   23.750   18.750
INIT:    793    8.750   23.750   18.750
INIT:    794   11.250   23.750   18.750
INIT:    795   13.750   23.750   18.750
INIT:    796   16.250   23.750   18.750
INIT:    797   18.750   23.750   18.750
INIT:    798   21.250   23.750   18.750
INIT:    799   23.750   23.750   18.750
INIT:    800    1.250    1.250   21.250
INIT:    801    3.750    1.250   21.250
INIT:    802    6.250    1.250   21.250
INIT:    803    8.750    1.250   21.250
INIT:    804   11.250    1.250   21.250
INIT:    805   13.750    1.250   21.250
INIT:    806   16.250    1.250   21.250
INIT:    807   18.750    1.250   21.250
INIT:    808   21.250    1.250   21.250
INIT:    809   23.750    1.250   21.250
INIT:    810    1.250    3.750   21.250
INIT:    811    3.750    3.750   21.250
INIT:    812    6.250    3.750   21.250
INIT:    813    8.750    3.750   21.250
INIT:    814   11.250    3.750   21.250
INIT:    815   13.750    3.750   21.250
INIT:    816   16.250    3.750   21.250
INIT:    817   18.750    3.750   21.250
INIT:    818   21.250    3.750   21.250
INIT:    819   23.750    3.750   21.250
INIT:    820    1.250    6.250   21.250
INIT:    821    3.750    6.250   21.250
INIT:    822    6.250    6.250   21.250
INIT:    823    8.750    6.250   21.250
INIT:    824   11.250    6.250   21.250
INIT:    825   13.750    6.250   21.250
INIT:    826   16.250    6.250   21.250
INIT:    827   18.750    6.250   21.250
INIT:    828   21.250    6.250   21.250
INIT:    829   23.750    6.250   21.250
INIT:    830    1.250    8.750   21.250
INIT:    831    3.750    8.750   21.250
INIT:    832    6.250    8.750   21.250
INIT:    833    8.750    8.750   21.250
INIT:    834   11.250    8.750   21.250
INIT:    835   13.750    8.750   21.250
INIT:    836   16.250    8.750   21.250
INIT:    837   18.750    8.750   21.250
INIT:    838   21.250    8.750   21.250
INIT:    839   23.750    8.750   21.250
INIT:    840    1.250   11.250   21.250
INIT:    841    3.750   11.250   21.250
INIT:    842    6.250   11.250   21.250
INIT:    843    8.750   11.250   21.250
INIT:    844   11.250   11.250   21.250
INIT:    845   13.750   11.250   21.250
INIT:    846   16.250   11.250   21.250
INIT:    847   18.750   11.250   21.250
INIT:    848   21.250   11.250   21.250
INIT:    849   23.750   11.250   21.250
INIT:    850    1.250   13.750   21.250
INIT:    851    3.750   13.750   21.250
INIT:    852    6.250   13.750   21.250
INIT:    853    8.750   13.750   21.250
INIT:    854   11.250   13.750   21.250
INIT:    855   13.750   13.750   21.250
INIT:    856   16.250   13.750   21.250
INIT:    857   18.750   13.750   21.250
INIT:    858   21.250   13.750   21.250
INIT:    859   23.750   13.750   21.250
INIT:    860    1.250   16.250   21.250
INIT:    861    3.750   16.250   21.250
INIT:    862    6.250   16.250   21.250
INIT:    863    8.750   16.250   21.250
INIT:    864   11.250   16.250   21.250
INIT:    865   13.750   16.250   21.250
INIT:    866   16.250   16.250   21.250
INIT:    867   18.750   16.250   21.250
INIT:    868   21.250   16.250   21.250
INIT:    869   23.750   16.250   21.250
INIT:    870    1.250   18.750   21.250
INIT:    871    3.750   18.750   21.250
INIT:    872    6.250   18.750   21.250
INIT:    873    8.750   18.750   21.250
INIT:    874   11.250   18.750   21.250
INIT:    875   13.750   18.750   21.250
INIT:    876   16.250   18.750   21.250
INIT:    877   18.750   18.750   21.250
INIT:    878   21.250   18.750   21.250
INIT:    879   23.750   18.750   21.250
INIT:    880    1.250   21.250   21.250
INIT:    881    3.750   21.250   21.250
INIT:    882    6.250   21.250   21.250
INIT:    883    8.750   21.250   21.250
INIT:    884   11.250   21.250   21.250
INIT:    885   13.750   21.250   21.250
INIT:    886   16.250   21.250   21.250
INIT:    887   18.750   21.250   21.250
INIT:    888   21.250   21.250   21.250
INIT:    889   23.750   21.250   21.250
INIT:    890    1.250   23.750   21.250
INIT:    891    3.750   23.750   21.250
INIT:    892    6.250   23.750   21.250
INIT:    893    8.750   23.750   21.250
INIT:    894   11.250   23.750   21.250
INIT:    895   13.750   23.750   21.250
INIT:    896   16.250   23.750   21.250
INIT:    897   18.750   23.750   21.250
INIT:    898   21.250   23.750   21.250
INIT:    899   23.750   23.750   21.250
INIT:    900    1.250    1.250   23.750
INIT:    901    3.750    1.250   23.750
INIT:    902    6.250    1.250   23.750
INIT:    903    8.750    1.250   23.750
INIT:    904   11.250    1.250   23.750
INIT:    905   13.750    1.250   23.750
INIT:    906   16.250    1.250   23.750
INIT:    907   18.750    1.250   23.750
INIT:    908   21.250    1.250   23.750
INIT:    909   23.750    1.250   23.750
INIT:    910    1.250    3.750   23.750
INIT:    911    3.750    3.750   23.750
INIT:    912    6.250    3.750   23.750
INIT:    913    8.750    3.750   23.750
INIT:    914   11.250    3.750   23.750
INIT:    915   13.750    3.750   23.750
INIT:    916   16.250    3.750   23.750
INIT:    917   18.750    3.750   23.750
INIT:    918   21.250    3.750   23.750
INIT:    919   23.750    3.750   23.750
INIT:    920    1.250    6.250   23.750
INIT:    921    3.750    6.250   23.750
INIT:    922    6.250    6.250   23.750
INIT:    923    8.750    6.250   23.750
INIT:    924   11.250    6.250   23.750
INIT:    925   13.750    6.250   23.750
INIT:    926   16.250    6.250   23.750
INIT:    927   18.750    6.250   23.750
INIT:    928   21.250    6.250   23.750
INIT:    929   23.750    6.250   23.750
INIT:    930    1.250    8.750   23.750
INIT:    931    3.750    8.750   23.750
INIT:    932    6.250    8.750   23.750
INIT:    933    8.750    8.750   23.750
INIT:    934   11.250    8.750   23.750
INIT:    935   13.750    8.750   23.750
INIT:    936   16.250    8.750   23.750
INIT:    937   18.750    8.750   23.750
INIT:    938   21.250    8.750   23.750
INIT:    939   23.750    8.750   23.750
INIT:    940    1.250   11.250   23.750
INIT:    941    3.750   11.250   23.750
INIT:    942    6.250   11.250   23.750
INIT:    943    8.750   11.250   23.750
INIT:    944   11.250   11.250   23.750
INIT:    945   13.750   11.250   23.750
INIT:    946   16.250   11.250   23.750
INIT:    947   18.750   11.250   23.750
INIT:    948   21.250   11.250   23.750
INIT:    949   23.750   11.250   23.750
INIT:    950    1.250   13.750   23.750
INIT:    951    3.750   13.750   23.750
INIT:    952    6.250   13.750   23.750
INIT:    953    8.750   13.750   23.750
INIT:    954   11.250   13.750   23.750
INIT:    955   13.750   13.750   23.750
INIT:    956   16.250   13.750   23.750
INIT:    957   18.750   13.750   23.750
INIT:    958   21.250   13.750   23.750
INIT:    959   23.750   13.750   23.750
INIT:    960    1.250   16.250   23.750
INIT:    961    3.750   16.250   23.750
INIT:    962    6.250   16.250   23.750
INIT:    963    8.750   16.250   23.750
INIT:    964   11.250   16.250   23.750
INIT:    965   13.750   16.250   23.750
INIT:    966   16.250   16.250   23.750
INIT:    967   18.750   16.250   23.750
INIT:    968   21.250   16.250   23.750
INIT:    969   23.750   16.250   23.750
INIT:    970    1.250   18.750   23.750
INIT:    971    3.750   18.750   23.750
INIT:    972    6.250   18.750   23.750
INIT:    973    8.750   18.750   23.750
INIT:    974   11.250   18.750   23.750
INIT:    975   13.750   18.750   23.750
INIT:    976   16.250   18.750   23.750
INIT:    977   18.750   18.750   23.750
INIT:    978   21.250   18.750   23.750
INIT:    979   23.750   18.750   23.750
INIT:    980    1.250   21.250   23.750
INIT:    981    3.750   21.250   23.750
INIT:    982    6.250   21.250   23.750
INIT:    983    8.750   21.250   23.750
INIT:    984   11.250   21.250   23.750
INIT:    985   13.750   21.250   23.750
INIT:    986   16.250   21.250   23.750
INIT:    987   18.750   21.250   23.750
INIT:    988   21.250   21.250   23.750
INIT:    989   23.750   21.250   23.750
INIT:    990    1.250   23.750   23.750
INIT:    991    3.750   23.750   23.750
INIT:    992    6.250   23.750   23.750
INIT:    993    8.750   23.750   23.750
INIT:    994   11.250   23.750   23.750
INIT:    995   13.750   23.750   23.750
INIT:    996   16.250   23.750   23.750
INIT:    997   18.750   23.750   23.750
INIT:    998   21.250   23.750   23.750
INIT:    999   23.750   23.750   23.750
