NLP:      0   -0.000    1.250    1.250    0.103    0.134    0.096
NLP:      1   -0.000    1.250    1.250    0.103    0.134    0.096
NLP:      2   -0.000    1.250    1.250    0.103    0.134    0.096
NLP:      3   -0.000    1.250    1.250    0.103    0.134    0.096
NLP:      4   -0.000    1.250    1.250    0.103    0.134    0.096
NLP:      5   -0.000    1.250    1.250    0.103    0.134    0.096
NLP:      6   -0.000    1.250    1.250    0.103    0.134    0.096
NLP:      7   -0.000    1.250    1.250    0.103    0.134    0.096
NLP:      8   -0.000    1.250    1.250    0.103    0.134    0.096
NLP:      9   -1.250    1.250    1.250    0.053    0.134    0.096
NLP:     10    1.250    3.750    1.250    0.203    0.246    0.096
NLP:     11    3.750    3.750    1.250    0.303    0.246    0.096
NLP:     12    6.250    3.750    1.250    0.403    0.246    0.096
NLP:     13    8.750    3.750    1.250    0.503    0.246    0.096
NLP:     14   11.250    3.750    1.250    0.603    0.246    0.096
NLP:     15   13.750    3.750    1.250    0.703    0.246    0.096
NLP:     16   16.250    3.750    1.250    0.803    0.246    0.096
NLP:     17   18.750    3.750    1.250    0.903    0.246    0.096
NLP:     18   -3.750    3.750    1.250    0.003    0.246    0.096
NLP:     19   -1.250    3.750    1.250    0.103    0.246    0.096
NLP:     20    1.250    6.250    1.250    0.253    0.357    0.096
NLP:     21    3.750    6.250    1.250    0.353    0.357    0.096
NLP:     22    6.250    6.250    1.250    0.453    0.357    0.096
NLP:     23    8.750    6.250    1.250    0.553    0.357    0.096
NLP:     24   11.250    6.250    1.250    0.653    0.357    0.096
NLP:     25   13.750    6.250    1.250    0.753    0.357    0.096
NLP:     26   16.250    6.250    1.250    0.853    0.357    0.096
NLP:     27   18.750    6.250    1.250    0.953    0.357    0.096
NLP:     28   -3.750    6.250    1.250    0.053    0.357    0.096
NLP:     29   -1.250    6.250    1.250    0.153    0.357    0.096
NLP:     30    1.250    8.750    1.250    0.303    0.469    0.096
NLP:     31    3.750    8.750    1.250    0.403    0.469    0.096
NLP:     32    6.250    8.750    1.250    0.503    0.469    0.096
NLP:     33    8.750    8.750    1.250    0.603    0.469    0.096
NLP:     34   11.250    8.750    1.250    0.703    0.469    0.096
NLP:     35   13.750    8.750    1.250    0.803    0.469    0.096
NLP:     36   16.250    8.750    1.250    0.903    0.469    0.096
NLP:     37   -6.250    8.750    1.250    0.003    0.469    0.096
NLP:     38   -3.750    8.750    1.250    0.103    0.469    0.096
NLP:     39   -1.250    8.750    1.250    0.203    0.469    0.096
NLP:     40    1.250   11.250    1.250    0.353    0.581    0.096
NLP:     41    3.750   11.250    1.250    0.453    0.581    0.096
NLP:     42    6.250   11.250    1.250    0.553    0.581    0.096
NLP:     43    8.750   11.250    1.250    0.653    0.581    0.096
NLP:     44   11.250   11.250    1.250    0.753    0.581    0.096
NLP:     45   13.750   11.250    1.250    0.853    0.581    0.096
NLP:     46   16.250   11.250    1.250    0.953    0.581    0.096
NLP:     47   -6.250   11.250    1.250    0.053    0.581    0.096
NLP:     48   -3.750   11.250    1.250    0.153    0.581    0.096
NLP:     49   -1.250   11.250    1.250    0.253    0.581    0.096
NLP:     50    1.250   13.750    1.250    0.403    0.693    0.096
NLP:     51    3.750   13.750    1.250    0.503    0.693    0.096
NLP:     52    6.250   13.750    1.250    0.603    0.693    0.096
NLP:     53    8.750   13.750    1.250    0.703    0.693    0.096
NLP:     54   11.250   13.750    1.250    0.803    0.693    0.096
NLP:     55   13.750   13.750    1.250    0.903    0.693    0.096
NLP:     56   -8.750   13.750    1.250    0.003    0.693    0.096
NLP:     57   -6.250   13.750    1.250    0.103    0.693    0.096
NLP:     58   -3.750   13.750    1.250    0.203    0.693    0.096
NLP:     59   -1.250   13.750    1.250    0.303    0.693    0.096
NLP:     60    1.250   16.250    1.250    0.454    0.805    0.096
NLP:     61    3.750   16.250    1.250    0.554    0.805    0.096
NLP:     62    6.250   16.250    1.250    0.654    0.805    0.096
NLP:     63    8.750   16.250    1.250    0.754    0.805    0.096
NLP:     64   11.250   16.250    1.250    0.854    0.805    0.096
NLP:     65   13.750   16.250    1.250    0.954    0.805    0.096
NLP:     66   -8.750   16.250    1.250    0.054    0.805    0.096
NLP:     67   -6.250   16.250    1.250    0.154    0.805    0.096
NLP:     68   -3.750   16.250    1.250    0.254    0.805    0.096
NLP:     69   -1.250   16.250    1.250    0.354    0.805    0.096
NLP:     70    1.250   18.750    1.250    0.504    0.917    0.096
NLP:     71    3.750   18.750    1.250    0.604    0.917    0.096
NLP:     72    6.250   18.750    1.250    0.704    0.917    0.096
NLP:     73    8.750   18.750    1.250    0.804    0.917    0.096
NLP:     74   11.250   18.750    1.250    0.904    0.917    0.096
NLP:     75  -11.250   18.750    1.250    0.004    0.917    0.096
NLP:     76   -8.750   18.750    1.250    0.104    0.917    0.096
NLP:     77   -6.250   18.750    1.250    0.204    0.917    0.096
NLP:     78   -3.750   18.750    1.250    0.304    0.917    0.096
NLP:     79   -1.250   18.750    1.250    0.404    0.917    0.096
NLP:     80   12.452   -1.100    1.250    0.554    0.029    0.096
NLP:     81   14.952   -1.100    1.250    0.654    0.029    0.096
NLP:     82   17.452   -1.100    1.250    0.754    0.029    0.096
NLP:     83   19.952   -1.100    1.250    0.854    0.029    0.096
NLP:     84   22.452   -1.100    1.250    0.954    0.029    0.096
NLP:     85   -0.048   -1.100    1.250    0.054    0.029    0.096
NLP:     86    2.452   -1.100    1.250    0.154    0.029    0.096
NLP:     87    4.952   -1.100    1.250    0.254    0.029    0.096
NLP:     88    7.452   -1.100    1.250    0.354    0.029    0.096
NLP:     89    9.952   -1.100    1.250    0.454    0.029    0.096
NLP:     90   12.452    1.400    1.250    0.604    0.140    0.096
NLP:     91   14.952    1.400    1.250    0.704    0.140    0.096
NLP:     92   17.452    1.400    1.250    0.804    0.140    0.096
NLP:     93   19.952    1.400    1.250    0.904    0.140    0.096
NLP:     94   -2.548    1.400    1.250    0.004    0.140    0.096
NLP:     95   -0.048    1.400    1.250    0.104    0.140    0.096
NLP:     96    2.452    1.400    1.250    0.204    0.140    0.096
NLP:     97    4.952    1.400    1.250    0.304    0.140    0.096
NLP:     98    7.452    1.400    1.250    0.404    0.140    0.096
NLP:     99    9.952    1.400    1.250    0.504    0.140    0.096
NLP:    100    1.250    1.250    3.750    0.308    0.289    0.287
NLP:    101    3.750    1.250    3.750    0.408    0.289    0.287
NLP:    102    6.250    1.250    3.750    0.508    0.289    0.287
NLP:    103    8.750    1.250    3.750    0.608    0.289    0.287
NLP:    104   11.250    1.250    3.750    0.708    0.289    0.287
NLP:    105   13.750    1.250    3.750    0.808    0.289    0.287
NLP:    106   16.250    1.250    3.750    0.908    0.289    0.287
NLP:    107   -6.250    1.250    3.750    0.008    0.289    0.287
NLP:    108   -3.750    1.250    3.750    0.108    0.289    0.287
NLP:    109   -1.250    1.250    3.750    0.208    0.289    0.287
NLP:    110    1.250    3.750    3.750    0.358    0.401    0.287
NLP:    111    3.750    3.750    3.750    0.458    0.401    0.287
NLP:    112    6.250    3.750    3.750    0.558    0.401    0.287
NLP:    113    8.750    3.750    3.750    0.658    0.401    0.287
NLP:    114   11.250    3.750    3.750    0.758    0.401    0.287
NLP:    115   13.750    3.750    3.750    0.858    0.401    0.287
NLP:    116   16.250    3.750    3.750    0.958    0.401    0.287
NLP:    117   -6.250    3.750    3.750    0.058    0.401    0.287
NLP:    118   -3.750    3.750    3.750    0.158    0.401    0.287
NLP:    119   -1.250    3.750    3.750    0.258    0.401    0.287
NLP:    120    1.250    6.250    3.750    0.409    0.513    0.287
NLP:    121    3.750    6.250    3.750    0.509    0.513    0.287
NLP:    122    6.250    6.250    3.750    0.609    0.513    0.287
NLP:    123    8.750    6.250    3.750    0.709    0.513    0.287
NLP:    124   11.250    6.250    3.750    0.809    0.513    0.287
NLP:    125   13.750    6.250    3.750    0.909    0.513    0.287
NLP:    126   -8.750    6.250    3.750    0.009    0.513    0.287
NLP:    127   -6.250    6.250    3.750    0.109    0.513    0.287
NLP:    128   -3.750    6.250    3.750    0.209    0.513    0.287
NLP:    129   -1.250    6.250    3.750    0.309    0.513    0.287
NLP:    130    1.250    8.750    3.750    0.459    0.625    0.287
NLP:    131    3.750    8.750    3.750    0.559    0.625    0.287
NLP:    132    6.250    8.750    3.750    0.659    0.625    0.287
NLP:    133    8.750    8.750    3.750    0.759    0.625    0.287
NLP:    134   11.250    8.750    3.750    0.859    0.625    0.287
NLP:    135   13.750    8.750    3.750    0.959    0.625    0.287
NLP:    136   -8.750    8.750    3.750    0.059    0.625    0.287
NLP:    137   -6.250    8.750    3.750    0.159    0.625    0.287
NLP:    138   -3.750    8.750    3.750    0.259    0.625    0.287
NLP:    139   -1.250    8.750    3.750    0.359    0.625    0.287
NLP:    140    1.250   11.250    3.750    0.509    0.737    0.287
NLP:    141    3.750   11.250    3.750    0.609    0.737    0.287
NLP:    142    6.250   11.250    3.750    0.709    0.737    0.287
NLP:    143    8.750   11.250    3.750    0.809    0.737    0.287
NLP:    144   11.250   11.250    3.750    0.909    0.737    0.287
NLP:    145  -11.250   11.250    3.750    0.009    0.737    0.287
NLP:    146   -8.750   11.250    3.750    0.109    0.737    0.287
NLP:    147   -6.250   11.250    3.750    0.209    0.737    0.287
NLP:    148   -3.750   11.250    3.750    0.309    0.737    0.287
NLP:    149   -1.250   11.250    3.750    0.409    0.737    0.287
NLP:    150    1.250   13.750    3.750    0.559    0.849    0.287
NLP:    151    3.750   13.750    3.750    0.659    0.849    0.287
NLP:    152    6.250   13.750    3.750    0.759    0.849    0.287
NLP:    153    8.750   13.750    3.750    0.859    0.849    0.287
NLP:    154   11.250   13.750    3.750    0.959    0.849    0.287
NLP:    155  -11.250   13.750    3.750    0.059    0.849    0.287
NLP:    156   -8.750   13.750    3.750    0.159    0.849    0.287
NLP:    157   -6.250   13.750    3.750    0.259    0.849    0.287
NLP:    158   -3.750   13.750    3.750    0.359    0.849    0.287
NLP:    159   -1.250   13.750    3.750    0.459    0.849    0.287
NLP:    160    1.250   16.250    3.750    0.609    0.960    0.287
NLP:    161    3.750   16.250    3.750    0.709    0.960    0.287
NLP:    162    6.250   16.250    3.750    0.809    0.960    0.287
NLP:    163    8.750   16.250    3.750    0.909    0.960    0.287
NLP:    164  -13.750   16.250    3.750    0.009    0.960    0.287
NLP:    165  -11.250   16.250    3.750    0.109    0.960    0.287
NLP:    166   -8.750   16.250    3.750    0.209    0.960    0.287
NLP:    167   -6.250   16.250    3.750    0.309    0.960    0.287
NLP:    168   -3.750   16.250    3.750    0.409    0.960    0.287
NLP:    169   -1.250   16.250    3.750    0.509    0.960    0.287
NLP:    170   12.452   -3.600    3.750    0.659    0.072    0.287
NLP:    171   14.952   -3.600    3.750    0.759    0.072    0.287
NLP:    172   17.452   -3.600    3.750    0.859    0.072    0.287
NLP:    173   19.952   -3.600    3.750    0.959    0.072    0.287
NLP:    174   -2.548   -3.600    3.750    0.059    0.072    0.287
NLP:    175   -0.048   -3.600    3.750    0.159    0.072    0.287
NLP:    176    2.452   -3.600    3.750    0.259    0.072    0.287
NLP:    177    4.952   -3.600    3.750    0.359    0.072    0.287
NLP:    178    7.452   -3.600    3.750    0.459    0.072    0.287
NLP:    179    9.952   -3.600    3.750    0.559    0.072    0.287
NLP:    180   12.452   -1.100    3.750    0.709    0.184    0.287
NLP:    181   14.952   -1.100    3.750    0.809    0.184    0.287
NLP:    182   17.452   -1.100    3.750    0.909    0.184    0.287
NLP:    183   -5.048   -1.100    3.750    0.009    0.184    0.287
NLP:    184   -2.548   -1.100    3.750    0.109    0.184    0.287
NLP:    185   -0.048   -1.100    3.750    0.209    0.184    0.287
NLP:    186    2.452   -1.100    3.750    0.309    0.184    0.287
NLP:    187    4.952   -1.100    3.750    0.409    0.184    0.287
NLP:    188    7.452   -1.100    3.750    0.509    0.184    0.287
NLP:    189    9.952   -1.100    3.750    0.609    0.184    0.287
NLP:    190   12.452    1.400    3.750    0.759    0.296    0.287
NLP:    191   14.952    1.400    3.750    0.859    0.296    0.287
NLP:    192   17.452    1.400    3.750    0.959    0.296    0.287
NLP:    193   -5.048    1.400    3.750    0.059    0.296    0.287
NLP:    194   -2.548    1.400    3.750    0.159    0.296    0.287
NLP:    195   -0.048    1.400    3.750    0.259    0.296    0.287
NLP:    196    2.452    1.400    3.750    0.359    0.296    0.287
NLP:    197    4.952    1.400    3.750    0.459    0.296    0.287
NLP:    198    7.452    1.400    3.750    0.559    0.296    0.287
NLP:    199    9.952    1.400    3.750    0.659    0.296    0.287
NLP:    200    1.250    1.250    6.250    0.464    0.445    0.479
NLP:    201    3.750    1.250    6.250    0.564    0.445    0.479
NLP:    202    6.250    1.250    6.250    0.664    0.445    0.479
NLP:    203    8.750    1.250    6.250    0.764    0.445    0.479
NLP:    204   11.250    1.250    6.250    0.864    0.445    0.479
NLP:    205   13.750    1.250    6.250    0.964    0.445    0.479
NLP:    206   -8.750    1.250    6.250    0.064    0.445    0.479
NLP:    207   -6.250    1.250    6.250    0.164    0.445    0.479
NLP:    208   -3.750    1.250    6.250    0.264    0.445    0.479
NLP:    209   -1.250    1.250    6.250    0.364    0.445    0.479
NLP:    210    1.250    3.750    6.250    0.514    0.557    0.479
NLP:    211    3.750    3.750    6.250    0.614    0.557    0.479
NLP:    212    6.250    3.750    6.250    0.714    0.557    0.479
NLP:    213    8.750    3.750    6.250    0.814    0.557    0.479
NLP:    214   11.250    3.750    6.250    0.914    0.557    0.479
NLP:    215  -11.250    3.750    6.250    0.014    0.557    0.479
NLP:    216   -8.750    3.750    6.250    0.114    0.557    0.479
NLP:    217   -6.250    3.750    6.250    0.214    0.557    0.479
NLP:    218   -3.750    3.750    6.250    0.314    0.557    0.479
NLP:    219   -1.250    3.750    6.250    0.414    0.557    0.479
NLP:    220    1.250    6.250    6.250    0.564    0.668    0.479
NLP:    221    3.750    6.250    6.250    0.664    0.668    0.479
NLP:    222    6.250    6.250    6.250    0.764    0.668    0.479
NLP:    223    8.750    6.250    6.250    0.864    0.668    0.479
NLP:    224   11.250    6.250    6.250    0.964    0.668    0.479
NLP:    225  -11.250    6.250    6.250    0.064    0.668    0.479
NLP:    226   -8.750    6.250    6.250    0.164    0.668    0.479
NLP:    227   -6.250    6.250    6.250    0.264    0.668    0.479
NLP:    228   -3.750    6.250    6.250    0.364    0.668    0.479
NLP:    229   -1.250    6.250    6.250    0.464    0.668    0.479
NLP:    230    1.250    8.750    6.250    0.614    0.780    0.479
NLP:    231    3.750    8.750    6.250    0.714    0.780    0.479
NLP:    232    6.250    8.750    6.250    0.814    0.780    0.479
NLP:    233    8.750    8.750    6.250    0.914    0.780    0.479
NLP:    234  -13.750    8.750    6.250    0.014    0.780    0.479
NLP:    235  -11.250    8.750    6.250    0.114    0.780    0.479
NLP:    236   -8.750    8.750    6.250    0.214    0.780    0.479
NLP:    237   -6.250    8.750    6.250    0.314    0.780    0.479
NLP:    238   -3.750    8.750    6.250    0.414    0.780    0.479
NLP:    239   -1.250    8.750    6.250    0.514    0.780    0.479
NLP:    240    1.250   11.250    6.250    0.664    0.892    0.479
NLP:    241    3.750   11.250    6.250    0.764    0.892    0.479
NLP:    242    6.250   11.250    6.250    0.864    0.892    0.479
NLP:    243    8.750   11.250    6.250    0.964    0.892    0.479
NLP:    244  -13.750   11.250    6.250    0.064    0.892    0.479
NLP:    245  -11.250   11.250    6.250    0.164    0.892    0.479
NLP:    246   -8.750   11.250    6.250    0.264    0.892    0.479
NLP:    247   -6.250   11.250    6.250    0.364    0.892    0.479
NLP:    248   -3.750   11.250    6.250    0.464    0.892    0.479
NLP:    249   -1.250   11.250    6.250    0.564    0.892    0.479
NLP:    250   12.452   -8.600    6.250    0.714    0.004    0.479
NLP:    251   14.952   -8.600    6.250    0.814    0.004    0.479
NLP:    252   17.452   -8.600    6.250    0.914    0.004    0.479
NLP:    253   -5.048   -8.600    6.250    0.014    0.004    0.479
NLP:    254   -2.548   -8.600    6.250    0.114    0.004    0.479
NLP:    255   -0.048   -8.600    6.250    0.214    0.004    0.479
NLP:    256    2.452   -8.600    6.250    0.314    0.004    0.479
NLP:    257    4.952   -8.600    6.250    0.414    0.004    0.479
NLP:    258    7.452   -8.600    6.250    0.514    0.004    0.479
NLP:    259    9.952   -8.600    6.250    0.614    0.004    0.479
NLP:    260   12.452   -6.100    6.250    0.765    0.116    0.479
NLP:    261   14.952   -6.100    6.250    0.865    0.116    0.479
NLP:    262   17.452   -6.100    6.250    0.965    0.116    0.479
NLP:    263   -5.048   -6.100    6.250    0.065    0.116    0.479
NLP:    264   -2.548   -6.100    6.250    0.165    0.116    0.479
NLP:    265   -0.048   -6.100    6.250    0.265    0.116    0.479
NLP:    266    2.452   -6.100    6.250    0.365    0.116    0.479
NLP:    267    4.952   -6.100    6.250    0.465    0.116    0.479
NLP:    268    7.452   -6.100    6.250    0.565    0.116    0.479
NLP:    269    9.952   -6.100    6.250    0.665    0.116    0.479
NLP:    270   12.452   -3.600    6.250    0.815    0.228    0.479
NLP:    271   14.952   -3.600    6.250    0.915    0.228    0.479
NLP:    272   -7.548   -3.600    6.250    0.015    0.228    0.479
NLP:    273   -5.048   -3.600    6.250    0.115    0.228    0.479
NLP:    274   -2.548   -3.600    6.250    0.215    0.228    0.479
NLP:    275   -0.048   -3.600    6.250    0.315    0.228    0.479
NLP:    276    2.452   -3.600    6.250    0.415    0.228    0.479
NLP:    277    4.952   -3.600    6.250    0.515    0.228    0.479
NLP:    278    7.452   -3.600    6.250    0.615    0.228    0.479
NLP:    279    9.952   -3.600    6.250    0.715    0.228    0.479
NLP:    280   12.452   -1.100    6.250    0.865    0.340    0.479
NLP:    281   14.952   -1.100    6.250    0.965    0.340    0.479
NLP:    282   -7.548   -1.100    6.250    0.065    0.340    0.479
NLP:    283   -5.048   -1.100    6.250    0.165    0.340    0.479
NLP:    284   -2.548   -1.100    6.250    0.265    0.340    0.479
NLP:    285   -0.048   -1.100    6.250    0.365    0.340    0.479
NLP:    286    2.452   -1.100    6.250    0.465    0.340    0.479
NLP:    287    4.952   -1.100    6.250    0.565    0.340    0.479
NLP:    288    7.452   -1.100    6.250    0.665    0.340    0.479
NLP:    289    9.952   -1.100    6.250    0.765    0.340    0.479
NLP:    290   12.452    1.400    6.250    0.915    0.451    0.479
NLP:    291  -10.048    1.400    6.250    0.015    0.451    0.479
NLP:    292   -7.548    1.400    6.250    0.115    0.451    0.479
NLP:    293   -5.048    1.400    6.250    0.215    0.451    0.479
NLP:    294   -2.548    1.400    6.250    0.315    0.451    0.479
NLP:    295   -0.048    1.400    6.250    0.415    0.451    0.479
NLP:    296    2.452    1.400    6.250    0.515    0.451    0.479
NLP:    297    4.952    1.400    6.250    0.615    0.451    0.479
NLP:    298    7.452    1.400    6.250    0.715    0.451    0.479
NLP:    299    9.952    1.400    6.250    0.815    0.451    0.479
NLP:    300    1.250    1.250    8.750    0.619    0.600    0.671
NLP:    301    3.750    1.250    8.750    0.719    0.600    0.671
NLP:    302    6.250    1.250    8.750    0.819    0.600    0.671
NLP:    303    8.750    1.250    8.750    0.919    0.600    0.671
NLP:    304  -13.750    1.250    8.750    0.019    0.600    0.671
NLP:    305  -11.250    1.250    8.750    0.119    0.600    0.671
NLP:    306   -8.750    1.250    8.750    0.219    0.600    0.671
NLP:    307   -6.250    1.250    8.750    0.319    0.600    0.671
NLP:    308   -3.750    1.250    8.750    0.419    0.600    0.671
NLP:    309   -1.250    1.250    8.750    0.519    0.600    0.671
NLP:    310    1.250    3.750    8.750    0.670    0.712    0.671
NLP:    311    3.750    3.750    8.750    0.770    0.712    0.671
NLP:    312    6.250    3.750    8.750    0.870    0.712    0.671
NLP:    313    8.750    3.750    8.750    0.970    0.712    0.671
NLP:    314  -13.750    3.750    8.750    0.070    0.712    0.671
NLP:    315  -11.250    3.750    8.750    0.170    0.712    0.671
NLP:    316   -8.750    3.750    8.750    0.270    0.712    0.671
NLP:    317   -6.250    3.750    8.750    0.370    0.712    0.671
NLP:    318   -3.750    3.750    8.750    0.470    0.712    0.671
NLP:    319   -1.250    3.750    8.750    0.570    0.712    0.671
NLP:    320    1.250    6.250    8.750    0.720    0.824    0.671
NLP:    321    3.750    6.250    8.750    0.820    0.824    0.671
NLP:    322    6.250    6.250    8.750    0.920    0.824    0.671
NLP:    323  -16.250    6.250    8.750    0.020    0.824    0.671
NLP:    324  -13.750    6.250    8.750    0.120    0.824    0.671
NLP:    325  -11.250    6.250    8.750    0.220    0.824    0.671
NLP:    326   -8.750    6.250    8.750    0.320    0.824    0.671
NLP:    327   -6.250    6.250    8.750    0.420    0.824    0.671
NLP:    328   -3.750    6.250    8.750    0.520    0.824    0.671
NLP:    329   -1.250    6.250    8.750    0.620    0.824    0.671
NLP:    330    1.250    8.750    8.750    0.770    0.936    0.671
NLP:    331    3.750    8.750    8.750    0.870    0.936    0.671
NLP:    332    6.250    8.750    8.750    0.970    0.936    0.671
NLP:    333  -16.250    8.750    8.750    0.070    0.936    0.671
NLP:    334  -13.750    8.750    8.750    0.170    0.936    0.671
NLP:    335  -11.250    8.750    8.750    0.270    0.936    0.671
NLP:    336   -8.750    8.750    8.750    0.370    0.936    0.671
NLP:    337   -6.250    8.750    8.750    0.470    0.936    0.671
NLP:    338   -3.750    8.750    8.750    0.570    0.936    0.671
NLP:    339   -1.250    8.750    8.750    0.670    0.936    0.671
NLP:    340   12.452  -11.100    8.750    0.820    0.048    0.671
NLP:    341   14.952  -11.100    8.750    0.920    0.048    0.671
NLP:    342   -7.548  -11.100    8.750    0.020    0.048    0.671
NLP:    343   -5.048  -11.100    8.750    0.120    0.048    0.671
NLP:    344   -2.548  -11.100    8.750    0.220    0.048    0.671
NLP:    345   -0.048  -11.100    8.750    0.320    0.048    0.671
NLP:    346    2.452  -11.100    8.750    0.420    0.048    0.671
NLP:    347    4.952  -11.100    8.750    0.520    0.048    0.671
NLP:    348    7.452  -11.100    8.750    0.620    0.048    0.671
NLP:    349    9.952  -11.100    8.750    0.720    0.048    0.671
NLP:    350   12.452   -8.600    8.750    0.870    0.160    0.671
NLP:    351   14.952   -8.600    8.750    0.970    0.160    0.671
NLP:    352   -7.548   -8.600    8.750    0.070    0.160    0.671
NLP:    353   -5.048   -8.600    8.750    0.170    0.160    0.671
NLP:    354   -2.548   -8.600    8.750    0.270    0.160    0.671
NLP:    355   -0.048   -8.600    8.750    0.370    0.160    0.671
NLP:    356    2.452   -8.600    8.750    0.470    0.160    0.671
NLP:    357    4.952   -8.600    8.750    0.570    0.160    0.671
NLP:    358    7.452   -8.600    8.750    0.670    0.160    0.671
NLP:    359    9.952   -8.600    8.750    0.770    0.160    0.671
NLP:    360   12.452   -6.100    8.750    0.920    0.271    0.671
NLP:    361  -10.048   -6.100    8.750    0.020    0.271    0.671
NLP:    362   -7.548   -6.100    8.750    0.120    0.271    0.671
NLP:    363   -5.048   -6.100    8.750    0.220    0.271    0.671
NLP:    364   -2.548   -6.100    8.750    0.320    0.271    0.671
NLP:    365   -0.048   -6.100    8.750    0.420    0.271    0.671
NLP:    366    2.452   -6.100    8.750    0.520    0.271    0.671
NLP:    367    4.952   -6.100    8.750    0.620    0.271    0.671
NLP:    368    7.452   -6.100    8.750    0.720    0.271    0.671
NLP:    369    9.952   -6.100    8.750    0.820    0.271    0.671
NLP:    370   12.452   -3.600    8.750    0.970    0.383    0.671
NLP:    371  -10.048   -3.600    8.750    0.070    0.383    0.671
NLP:    372   -7.548   -3.600    8.750    0.170    0.383    0.671
NLP:    373   -5.048   -3.600    8.750    0.270    0.383    0.671
NLP:    374   -2.548   -3.600    8.750    0.370    0.383    0.671
NLP:    375   -0.048   -3.600    8.750    0.470    0.383    0.671
NLP:    376    2.452   -3.600    8.750    0.570    0.383    0.671
NLP:    377    4.952   -3.600    8.750    0.670    0.383    0.671
NLP:    378    7.452   -3.600    8.750    0.770    0.383    0.671
NLP:    379    9.952   -3.600    8.750    0.870    0.383    0.671
NLP:    380  -12.548   -1.100    8.750    0.020    0.495    0.671
NLP:    381  -10.048   -1.100    8.750    0.120    0.495    0.671
NLP:    382   -7.548   -1.100    8.750    0.220    0.495    0.671
NLP:    383   -5.048   -1.100    8.750    0.320    0.495    0.671
NLP:    384   -2.548   -1.100    8.750    0.420    0.495    0.671
NLP:    385   -0.048   -1.100    8.750    0.520    0.495    0.671
NLP:    386    2.452   -1.100    8.750    0.620    0.495    0.671
NLP:    387    4.952   -1.100    8.750    0.720    0.495    0.671
NLP:    388    7.452   -1.100    8.750    0.820    0.495    0.671
NLP:    389    9.952   -1.100    8.750    0.920    0.495    0.671
NLP:    390  -12.548    1.400    8.750    0.070    0.607    0.671
NLP:    391  -10.048    1.400    8.750    0.170    0.607    0.671
NLP:    392   -7.548    1.400    8.750    0.270    0.607    0.671
NLP:    393   -5.048    1.400    8.750    0.370    0.607    0.671
NLP:    394   -2.548    1.400    8.750    0.470    0.607    0.671
NLP:    395   -0.048    1.400    8.750    0.570    0.607    0.671
NLP:    396    2.452    1.400    8.750    0.670    0.607    0.671
NLP:    397    4.952    1.400    8.750    0.770    0.607    0.671
NLP:    398    7.452    1.400    8.750    0.870    0.607    0.671
NLP:    399    9.952    1.400    8.750    0.970    0.607    0.671
NLP:    400    1.250    1.250   11.250    0.775    0.756    0.862
NLP:    401    3.750    1.250   11.250    0.875    0.756    0.862
NLP:    402    6.250    1.250   11.250    0.975    0.756    0.862
NLP:    403  -16.250    1.250   11.250    0.075    0.756    0.862
NLP:    404  -13.750    1.250   11.250    0.175    0.756    0.862
NLP:    405  -11.250    1.250   11.250    0.275    0.756    0.862
NLP:    406   -8.750    1.250   11.250    0.375    0.756    0.862
NLP:    407   -6.250    1.250   11.250    0.475    0.756    0.862
NLP:    408   -3.750    1.250   11.250    0.575    0.756    0.862
NLP:    409   -1.250    1.250   11.250    0.675    0.756    0.862
NLP:    410    1.250    3.750   11.250    0.825    0.868    0.862
NLP:    411    3.750    3.750   11.250    0.925    0.868    0.862
NLP:    412  -18.750    3.750   11.250    0.025    0.868    0.862
NLP:    413  -16.250    3.750   11.250    0.125    0.868    0.862
NLP:    414  -13.750    3.750   11.250    0.225    0.868    0.862
NLP:    415  -11.250    3.750   11.250    0.325    0.868    0.862
NLP:    416   -8.750    3.750   11.250    0.425    0.868    0.862
NLP:    417   -6.250    3.750   11.250    0.525    0.868    0.862
NLP:    418   -3.750    3.750   11.250    0.625    0.868    0.862
NLP:    419   -1.250    3.750   11.250    0.725    0.868    0.862
NLP:    420    1.250    6.250   11.250    0.875    0.980    0.862
NLP:    421    3.750    6.250   11.250    0.975    0.980    0.862
NLP:    422  -18.750    6.250   11.250    0.075    0.980    0.862
NLP:    423  -16.250    6.250   11.250    0.175    0.980    0.862
NLP:    424  -13.750    6.250   11.250    0.275    0.980    0.862
NLP:    425  -11.250    6.250   11.250    0.375    0.980    0.862
NLP:    426   -8.750    6.250   11.250    0.475    0.980    0.862
NLP:    427   -6.250    6.250   11.250    0.575    0.980    0.862
NLP:    428   -3.750    6.250   11.250    0.675    0.980    0.862
NLP:    429   -1.250    6.250   11.250    0.775    0.980    0.862
NLP:    430   12.452  -13.600   11.250    0.925    0.091    0.862
NLP:    431  -10.048  -13.600   11.250    0.025    0.091    0.862
NLP:    432   -7.548  -13.600   11.250    0.125    0.091    0.862
NLP:    433   -5.048  -13.600   11.250    0.225    0.091    0.862
NLP:    434   -2.548  -13.600   11.250    0.325    0.091    0.862
NLP:    435   -0.048  -13.600   11.250    0.425    0.091    0.862
NLP:    436    2.452  -13.600   11.250    0.525    0.091    0.862
NLP:    437    4.952  -13.600   11.250    0.625    0.091    0.862
NLP:    438    7.452  -13.600   11.250    0.725    0.091    0.862
NLP:    439    9.952  -13.600   11.250    0.825    0.091    0.862
NLP:    440   12.452  -11.100   11.250    0.975    0.203    0.862
NLP:    441  -10.048  -11.100   11.250    0.075    0.203    0.862
NLP:    442   -7.548  -11.100   11.250    0.175    0.203    0.862
NLP:    443   -5.048  -11.100   11.250    0.275    0.203    0.862
NLP:    444   -2.548  -11.100   11.250    0.375    0.203    0.862
NLP:    445   -0.048  -11.100   11.250    0.475    0.203    0.862
NLP:    446    2.452  -11.100   11.250    0.575    0.203    0.862
NLP:    447    4.952  -11.100   11.250    0.675    0.203    0.862
NLP:    448    7.452  -11.100   11.250    0.775    0.203    0.862
NLP:    449    9.952  -11.100   11.250    0.875    0.203    0.862
NLP:    450  -12.548   -8.600   11.250    0.026    0.315    0.862
NLP:    451  -10.048   -8.600   11.250    0.126    0.315    0.862
NLP:    452   -7.548   -8.600   11.250    0.226    0.315    0.862
NLP:    453   -5.048   -8.600   11.250    0.326    0.315    0.862
NLP:    454   -2.548   -8.600   11.250    0.426    0.315    0.862
NLP:    455   -0.048   -8.600   11.250    0.526    0.315    0.862
NLP:    456    2.452   -8.600   11.250    0.626    0.315    0.862
NLP:    457    4.952   -8.600   11.250    0.726    0.315    0.862
NLP:    458    7.452   -8.600   11.250    0.826    0.315    0.862
NLP:    459    9.952   -8.600   11.250    0.926    0.315    0.862
NLP:    460  -12.548   -6.100   11.250    0.076    0.427    0.862
NLP:    461  -10.048   -6.100   11.250    0.176    0.427    0.862
NLP:    462   -7.548   -6.100   11.250    0.276    0.427    0.862
NLP:    463   -5.048   -6.100   11.250    0.376    0.427    0.862
NLP:    464   -2.548   -6.100   11.250    0.476    0.427    0.862
NLP:    465   -0.048   -6.100   11.250    0.576    0.427    0.862
NLP:    466    2.452   -6.100   11.250    0.676    0.427    0.862
NLP:    467    4.952   -6.100   11.250    0.776    0.427    0.862
NLP:    468    7.452   -6.100   11.250    0.876    0.427    0.862
NLP:    469    9.952   -6.100   11.250    0.976    0.427    0.862
NLP:    470  -12.548   -3.600   11.250    0.126    0.539    0.862
NLP:    471  -10.048   -3.600   11.250    0.226    0.539    0.862
NLP:    472   -7.548   -3.600   11.250    0.326    0.539    0.862
NLP:    473   -5.048   -3.600   11.250    0.426    0.539    0.862
NLP:    474   -2.548   -3.600   11.250    0.526    0.539    0.862
NLP:    475   -0.048   -3.600   11.250    0.626    0.539    0.862
NLP:    476    2.452   -3.600   11.250    0.726    0.539    0.862
NLP:    477    4.952   -3.600   11.250    0.826    0.539    0.862
NLP:    478    7.452   -3.600   11.250    0.926    0.539    0.862
NLP:    479  -15.048   -3.600   11.250    0.026    0.539    0.862
NLP:    480  -12.548   -1.100   11.250    0.176    0.651    0.862
NLP:    481  -10.048   -1.100   11.250    0.276    0.651    0.862
NLP:    482   -7.548   -1.100   11.250    0.376    0.651    0.862
NLP:    483   -5.048   -1.100   11.250    0.476    0.651    0.862
NLP:    484   -2.548   -1.100   11.250    0.576    0.651    0.862
NLP:    485   -0.048   -1.100   11.250    0.676    0.651    0.862
NLP:    486    2.452   -1.100   11.250    0.776    0.651    0.862
NLP:    487    4.952   -1.100   11.250    0.876    0.651    0.862
NLP:    488    7.452   -1.100   11.250    0.976    0.651    0.862
NLP:    489  -15.048   -1.100   11.250    0.076    0.651    0.862
NLP:    490  -12.548    1.400   11.250    0.226    0.763    0.862
NLP:    491  -10.048    1.400   11.250    0.326    0.763    0.862
NLP:    492   -7.548    1.400   11.250    0.426    0.763    0.862
NLP:    493   -5.048    1.400   11.250    0.526    0.763    0.862
NLP:    494   -2.548    1.400   11.250    0.626    0.763    0.862
NLP:    495   -0.048    1.400   11.250    0.726    0.763    0.862
NLP:    496    2.452    1.400   11.250    0.826    0.763    0.862
NLP:    497    4.952    1.400   11.250    0.926    0.763    0.862
NLP:    498  -17.548    1.400   11.250    0.026    0.763    0.862
NLP:    499  -15.048    1.400   11.250    0.126    0.763    0.862
NLP:    500   12.452   19.394    0.700    0.930    0.911    0.054
NLP:    501  -10.048   19.394    0.700    0.030    0.911    0.054
NLP:    502   -7.548   19.394    0.700    0.130    0.911    0.054
NLP:    503   -5.048   19.394    0.700    0.230    0.911    0.054
NLP:    504   -2.548   19.394    0.700    0.330    0.911    0.054
NLP:    505   -0.048   19.394    0.700    0.430    0.911    0.054
NLP:    506    2.452   19.394    0.700    0.530    0.911    0.054
NLP:    507    4.952   19.394    0.700    0.630    0.911    0.054
NLP:    508    7.452   19.394    0.700    0.730    0.911    0.054
NLP:    509    9.952   19.394    0.700    0.830    0.911    0.054
NLP:    510   23.654   -0.455    0.700    0.981    0.023    0.054
NLP:    511    1.154   -0.455    0.700    0.081    0.023    0.054
NLP:    512    3.654   -0.455    0.700    0.181    0.023    0.054
NLP:    513    6.154   -0.455    0.700    0.281    0.023    0.054
NLP:    514    8.654   -0.455    0.700    0.381    0.023    0.054
NLP:    515   11.154   -0.455    0.700    0.481    0.023    0.054
NLP:    516   13.654   -0.455    0.700    0.581    0.023    0.054
NLP:    517   16.154   -0.455    0.700    0.681    0.023    0.054
NLP:    518   18.654   -0.455    0.700    0.781    0.023    0.054
NLP:    519   21.154   -0.455    0.700    0.881    0.023    0.054
NLP:    520   -1.346    2.045    0.700    0.031    0.135    0.054
NLP:    521    1.154    2.045    0.700    0.131    0.135    0.054
NLP:    522    3.654    2.045    0.700    0.231    0.135    0.054
NLP:    523    6.154    2.045    0.700    0.331    0.135    0.054
NLP:    524    8.654    2.045    0.700    0.431    0.135    0.054
NLP:    525   11.154    2.045    0.700    0.531    0.135    0.054
NLP:    526   13.654    2.045    0.700    0.631    0.135    0.054
NLP:    527   16.154    2.045    0.700    0.731    0.135    0.054
NLP:    528   18.654    2.045    0.700    0.831    0.135    0.054
NLP:    529   21.154    2.045    0.700    0.931    0.135    0.054
NLP:    530   -1.346    4.545    0.700    0.081    0.247    0.054
NLP:    531    1.154    4.545    0.700    0.181    0.247    0.054
NLP:    532    3.654    4.545    0.700    0.281    0.247    0.054
NLP:    533    6.154    4.545    0.700    0.381    0.247    0.054
NLP:    534    8.654    4.545    0.700    0.481    0.247    0.054
NLP:    535   11.154    4.545    0.700    0.581    0.247    0.054
NLP:    536   13.654    4.545    0.700    0.681    0.247    0.054
NLP:    537   16.154    4.545    0.700    0.781    0.247    0.054
NLP:    538   18.654    4.545    0.700    0.881    0.247    0.054
NLP:    539   21.154    4.545    0.700    0.981    0.247    0.054
NLP:    540   -1.346    7.045    0.700    0.131    0.359    0.054
NLP:    541    1.154    7.045    0.700    0.231    0.359    0.054
NLP:    542    3.654    7.045    0.700    0.331    0.359    0.054
NLP:    543    6.154    7.045    0.700    0.431    0.359    0.054
NLP:    544    8.654    7.045    0.700    0.531    0.359    0.054
NLP:    545   11.154    7.045    0.700    0.631    0.359    0.054
NLP:    546   13.654    7.045    0.700    0.731    0.359    0.054
NLP:    547   16.154    7.045    0.700    0.831    0.359    0.054
NLP:    548   18.654    7.045    0.700    0.931    0.359    0.054
NLP:    549   -3.846    7.045    0.700    0.031    0.359    0.054
NLP:    550   -1.346    9.545    0.700    0.181    0.471    0.054
NLP:    551    1.154    9.545    0.700    0.281    0.471    0.054
NLP:    552    3.654    9.545    0.700    0.381    0.471    0.054
NLP:    553    6.154    9.545    0.700    0.481    0.471    0.054
NLP:    554    8.654    9.545    0.700    0.581    0.471    0.054
NLP:    555   11.154    9.545    0.700    0.681    0.471    0.054
NLP:    556   13.654    9.545    0.700    0.781    0.471    0.054
NLP:    557   16.154    9.545    0.700    0.881    0.471    0.054
NLP:    558   18.654    9.545    0.700    0.981    0.471    0.054
NLP:    559   -3.846    9.545    0.700    0.081    0.471    0.054
NLP:    560   -1.346   12.045    0.700    0.231    0.582    0.054
NLP:    561    1.154   12.045    0.700    0.331    0.582    0.054
NLP:    562    3.654   12.045    0.700    0.431    0.582    0.054
NLP:    563    6.154   12.045    0.700    0.531    0.582    0.054
NLP:    564    8.654   12.045    0.700    0.631    0.582    0.054
NLP:    565   11.154   12.045    0.700    0.731    0.582    0.054
NLP:    566   13.654   12.045    0.700    0.831    0.582    0.054
NLP:    567   16.154   12.045    0.700    0.931    0.582    0.054
NLP:    568   -6.346   12.045    0.700    0.031    0.582    0.054
NLP:    569   -3.846   12.045    0.700    0.131    0.582    0.054
NLP:    570   -1.346   14.545    0.700    0.281    0.694    0.054
NLP:    571    1.154   14.545    0.700    0.381    0.694    0.054
NLP:    572    3.654   14.545    0.700    0.481    0.694    0.054
NLP:    573    6.154   14.545    0.700    0.581    0.694    0.054
NLP:    574    8.654   14.545    0.700    0.681    0.694    0.054
NLP:    575   11.154   14.545    0.700    0.781    0.694    0.054
NLP:    576   13.654   14.545    0.700    0.881    0.694    0.054
NLP:    577   16.154   14.545    0.700    0.981    0.694    0.054
NLP:    578   -6.346   14.545    0.700    0.081    0.694    0.054
NLP:    579   -3.846   14.545    0.700    0.181    0.694    0.054
NLP:    580   -1.346   17.045    0.700    0.331    0.806    0.054
NLP:    581    1.154   17.045    0.700    0.431    0.806    0.054
NLP:    582    3.654   17.045    0.700    0.531    0.806    0.054
NLP:    583    6.154   17.045    0.700    0.631    0.806    0.054
NLP:    584    8.654   17.045    0.700    0.731    0.806    0.054
NLP:    585   11.154   17.045    0.700    0.831    0.806    0.054
NLP:    586   13.654   17.045    0.700    0.931    0.806    0.054
NLP:    587   -8.846   17.045    0.700    0.031    0.806    0.054
NLP:    588   -6.346   17.045    0.700    0.131    0.806    0.054
NLP:    589   -3.846   17.045    0.700    0.231    0.806    0.054
NLP:    590   -1.346   19.545    0.700    0.382    0.918    0.054
NLP:    591    1.154   19.545    0.700    0.482    0.918    0.054
NLP:    592    3.654   19.545    0.700    0.582    0.918    0.054
NLP:    593    6.154   19.545    0.700    0.682    0.918    0.054
NLP:    594    8.654   19.545    0.700    0.782    0.918    0.054
NLP:    595   11.154   19.545    0.700    0.882    0.918    0.054
NLP:    596   13.654   19.545    0.700    0.982    0.918    0.054
NLP:    597   -8.846   19.545    0.700    0.082    0.918    0.054
NLP:    598   -6.346   19.545    0.700    0.182    0.918    0.054
NLP:    599   -3.846   19.545    0.700    0.282    0.918    0.054
NLP:    600   -1.346   -2.955    3.200    0.086    0.067    0.245
NLP:    601    1.154   -2.955    3.200    0.186    0.067    0.245
NLP:    602    3.654   -2.955    3.200    0.286    0.067    0.245
NLP:    603    6.154   -2.955    3.200    0.386    0.067    0.245
NLP:    604    8.654   -2.955    3.200    0.486    0.067    0.245
NLP:    605   11.154   -2.955    3.200    0.586    0.067    0.245
NLP:    606   13.654   -2.955    3.200    0.686    0.067    0.245
NLP:    607   16.154   -2.955    3.200    0.786    0.067    0.245
NLP:    608   18.654   -2.955    3.200    0.886    0.067    0.245
NLP:    609   21.154   -2.955    3.200    0.986    0.067    0.245
NLP:    610   -1.346   -0.455    3.200    0.136    0.179    0.245
NLP:    611    1.154   -0.455    3.200    0.236    0.179    0.245
NLP:    612    3.654   -0.455    3.200    0.336    0.179    0.245
NLP:    613    6.154   -0.455    3.200    0.436    0.179    0.245
NLP:    614    8.654   -0.455    3.200    0.536    0.179    0.245
NLP:    615   11.154   -0.455    3.200    0.636    0.179    0.245
NLP:    616   13.654   -0.455    3.200    0.736    0.179    0.245
NLP:    617   16.154   -0.455    3.200    0.836    0.179    0.245
NLP:    618   18.654   -0.455    3.200    0.936    0.179    0.245
NLP:    619   -3.846   -0.455    3.200    0.036    0.179    0.245
NLP:    620   -1.346    2.045    3.200    0.186    0.291    0.245
NLP:    621    1.154    2.045    3.200    0.286    0.291    0.245
NLP:    622    3.654    2.045    3.200    0.386    0.291    0.245
NLP:    623    6.154    2.045    3.200    0.486    0.291    0.245
NLP:    624    8.654    2.045    3.200    0.586    0.291    0.245
NLP:    625   11.154    2.045    3.200    0.686    0.291    0.245
NLP:    626   13.654    2.045    3.200    0.786    0.291    0.245
NLP:    627   16.154    2.045    3.200    0.886    0.291    0.245
NLP:    628   18.654    2.045    3.200    0.986    0.291    0.245
NLP:    629   -3.846    2.045    3.200    0.086    0.291    0.245
NLP:    630   -1.346    4.545    3.200    0.236    0.402    0.245
NLP:    631    1.154    4.545    3.200    0.336    0.402    0.245
NLP:    632    3.654    4.545    3.200    0.436    0.402    0.245
NLP:    633    6.154    4.545    3.200    0.536    0.402    0.245
NLP:    634    8.654    4.545    3.200    0.636    0.402    0.245
NLP:    635   11.154    4.545    3.200    0.736    0.402    0.245
NLP:    636   13.654    4.545    3.200    0.836    0.402    0.245
NLP:    637   16.154    4.545    3.200    0.936    0.402    0.245
NLP:    638   -6.346    4.545    3.200    0.036    0.402    0.245
NLP:    639   -3.846    4.545    3.200    0.136    0.402    0.245
NLP:    640   -1.346    7.045    3.200    0.286    0.514    0.245
NLP:    641    1.154    7.045    3.200    0.386    0.514    0.245
NLP:    642    3.654    7.045    3.200    0.486    0.514    0.245
NLP:    643    6.154    7.045    3.200    0.586    0.514    0.245
NLP:    644    8.654    7.045    3.200    0.686    0.514    0.245
NLP:    645   11.154    7.045    3.200    0.786    0.514    0.245
NLP:    646   13.654    7.045    3.200    0.886    0.514    0.245
NLP:    647   16.154    7.045    3.200    0.986    0.514    0.245
NLP:    648   -6.346    7.045    3.200    0.086    0.514    0.245
NLP:    649   -3.846    7.045    3.200    0.186    0.514    0.245
NLP:    650   -1.346    9.545    3.200    0.337    0.626    0.245
NLP:    651    1.154    9.545    3.200    0.437    0.626    0.245
NLP:    652    3.654    9.545    3.200    0.537    0.626    0.245
NLP:    653    6.154    9.545    3.200    0.637    0.626    0.245
NLP:    654    8.654    9.545    3.200    0.737    0.626    0.245
NLP:    655   11.154    9.545    3.200    0.837    0.626    0.245
NLP:    656   13.654    9.545    3.200    0.937    0.626    0.245
NLP:    657   -8.846    9.545    3.200    0.037    0.626    0.245
NLP:    658   -6.346    9.545    3.200    0.137    0.626    0.245
NLP:    659   -3.846    9.545    3.200    0.237    0.626    0.245
NLP:    660   -1.346   12.045    3.200    0.387    0.738    0.245
NLP:    661    1.154   12.045    3.200    0.487    0.738    0.245
NLP:    662    3.654   12.045    3.200    0.587    0.738    0.245
NLP:    663    6.154   12.045    3.200    0.687    0.738    0.245
NLP:    664    8.654   12.045    3.200    0.787    0.738    0.245
NLP:    665   11.154   12.045    3.200    0.887    0.738    0.245
NLP:    666   13.654   12.045    3.200    0.987    0.738    0.245
NLP:    667   -8.846   12.045    3.200    0.087    0.738    0.245
NLP:    668   -6.346   12.045    3.200    0.187    0.738    0.245
NLP:    669   -3.846   12.045    3.200    0.287    0.738    0.245
NLP:    670   -1.346   14.545    3.200    0.437    0.850    0.245
NLP:    671    1.154   14.545    3.200    0.537    0.850    0.245
NLP:    672    3.654   14.545    3.200    0.637    0.850    0.245
NLP:    673    6.154   14.545    3.200    0.737    0.850    0.245
NLP:    674    8.654   14.545    3.200    0.837    0.850    0.245
NLP:    675   11.154   14.545    3.200    0.937    0.850    0.245
NLP:    676  -11.346   14.545    3.200    0.037    0.850    0.245
NLP:    677   -8.846   14.545    3.200    0.137    0.850    0.245
NLP:    678   -6.346   14.545    3.200    0.237    0.850    0.245
NLP:    679   -3.846   14.545    3.200    0.337    0.850    0.245
NLP:    680   -1.346   17.045    3.200    0.487    0.962    0.245
NLP:    681    1.154   17.045    3.200    0.587    0.962    0.245
NLP:    682    3.654   17.045    3.200    0.687    0.962    0.245
NLP:    683    6.154   17.045    3.200    0.787    0.962    0.245
NLP:    684    8.654   17.045    3.200    0.887    0.962    0.245
NLP:    685   11.154   17.045    3.200    0.987    0.962    0.245
NLP:    686  -11.346   17.045    3.200    0.087    0.962    0.245
NLP:    687   -8.846   17.045    3.200    0.187    0.962    0.245
NLP:    688   -6.346   17.045    3.200    0.287    0.962    0.245
NLP:    689   -3.846   17.045    3.200    0.387    0.962    0.245
NLP:    690    9.856   -2.805    3.200    0.537    0.074    0.245
NLP:    691   12.356   -2.805    3.200    0.637    0.074    0.245
NLP:    692   14.856   -2.805    3.200    0.737    0.074    0.245
NLP:    693   17.356   -2.805    3.200    0.837    0.074    0.245
NLP:    694   19.856   -2.805    3.200    0.937    0.074    0.245
NLP:    695   -2.644   -2.805    3.200    0.037    0.074    0.245
NLP:    696   -0.144   -2.805    3.200    0.137    0.074    0.245
NLP:    697    2.356   -2.805    3.200    0.237    0.074    0.245
NLP:    698    4.856   -2.805    3.200    0.337    0.074    0.245
NLP:    699    7.356   -2.805    3.200    0.437    0.074    0.245
NLP:    700   -1.346   -2.955    5.700    0.242    0.222    0.437
NLP:    701    1.154   -2.955    5.700    0.342    0.222    0.437
NLP:    702    3.654   -2.955    5.700    0.442    0.222    0.437
NLP:    703    6.154   -2.955    5.700    0.542    0.222    0.437
NLP:    704    8.654   -2.955    5.700    0.642    0.222    0.437
NLP:    705   11.154   -2.955    5.700    0.742    0.222    0.437
NLP:    706   13.654   -2.955    5.700    0.842    0.222    0.437
NLP:    707   16.154   -2.955    5.700    0.942    0.222    0.437
NLP:    708   -6.346   -2.955    5.700    0.042    0.222    0.437
NLP:    709   -3.846   -2.955    5.700    0.142    0.222    0.437
NLP:    710   -1.346   -0.455    5.700    0.292    0.334    0.437
NLP:    711    1.154   -0.455    5.700    0.392    0.334    0.437
NLP:    712    3.654   -0.455    5.700    0.492    0.334    0.437
NLP:    713    6.154   -0.455    5.700    0.592    0.334    0.437
NLP:    714    8.654   -0.455    5.700    0.692    0.334    0.437
NLP:    715   11.154   -0.455    5.700    0.792    0.334    0.437
NLP:    716   13.654   -0.455    5.700    0.892    0.334    0.437
NLP:    717   16.154   -0.455    5.700    0.992    0.334    0.437
NLP:    718   -6.346   -0.455    5.700    0.092    0.334    0.437
NLP:    719   -3.846   -0.455    5.700    0.192    0.334    0.437
NLP:    720   -1.346    2.045    5.700    0.342    0.446    0.437
NLP:    721    1.154    2.045    5.700    0.442    0.446    0.437
NLP:    722    3.654    2.045    5.700    0.542    0.446    0.437
NLP:    723    6.154    2.045    5.700    0.642    0.446    0.437
NLP:    724    8.654    2.045    5.700    0.742    0.446    0.437
NLP:    725   11.154    2.045    5.700    0.842    0.446    0.437
NLP:    726   13.654    2.045    5.700    0.942    0.446    0.437
NLP:    727   -8.846    2.045    5.700    0.042    0.446    0.437
NLP:    728   -6.346    2.045    5.700    0.142    0.446    0.437
NLP:    729   -3.846    2.045    5.700    0.242    0.446    0.437
NLP:    730   -1.346    4.545    5.700    0.392    0.558    0.437
NLP:    731    1.154    4.545    5.700    0.492    0.558    0.437
NLP:    732    3.654    4.545    5.700    0.592    0.558    0.437
NLP:    733    6.154    4.545    5.700    0.692    0.558    0.437
NLP:    734    8.654    4.545    5.700    0.792    0.558    0.437
NLP:    735   11.154    4.545    5.700    0.892    0.558    0.437
NLP:    736   13.654    4.545    5.700    0.992    0.558    0.437
NLP:    737   -8.846    4.545    5.700    0.092    0.558    0.437
NLP:    738   -6.346    4.545    5.700    0.192    0.558    0.437
NLP:    739   -3.846    4.545    5.700    0.292    0.558    0.437
NLP:    740   -1.346    7.045    5.700    0.442    0.670    0.437
NLP:    741    1.154    7.045    5.700    0.542    0.670    0.437
NLP:    742    3.654    7.045    5.700    0.642    0.670    0.437
NLP:    743    6.154    7.045    5.700    0.742    0.670    0.437
NLP:    744    8.654    7.045    5.700    0.842    0.670    0.437
NLP:    745   11.154    7.045    5.700    0.942    0.670    0.437
NLP:    746  -11.346    7.045    5.700    0.042    0.670    0.437
NLP:    747   -8.846    7.045    5.700    0.142    0.670    0.437
NLP:    748   -6.346    7.045    5.700    0.242    0.670    0.437
NLP:    749   -3.846    7.045    5.700    0.342    0.670    0.437
NLP:    750   -1.346    9.545    5.700    0.492    0.782    0.437
NLP:    751    1.154    9.545    5.700    0.592    0.782    0.437
NLP:    752    3.654    9.545    5.700    0.692    0.782    0.437
NLP:    753    6.154    9.545    5.700    0.792    0.782    0.437
NLP:    754    8.654    9.545    5.700    0.892    0.782    0.437
NLP:    755   11.154    9.545    5.700    0.992    0.782    0.437
NLP:    756  -11.346    9.545    5.700    0.092    0.782    0.437
NLP:    757   -8.846    9.545    5.700    0.192    0.782    0.437
NLP:    758   -6.346    9.545    5.700    0.292    0.782    0.437
NLP:    759   -3.846    9.545    5.700    0.392    0.782    0.437
NLP:    760   -1.346   12.045    5.700    0.542    0.894    0.437
NLP:    761    1.154   12.045    5.700    0.642    0.894    0.437
NLP:    762    3.654   12.045    5.700    0.742    0.894    0.437
NLP:    763    6.154   12.045    5.700    0.842    0.894    0.437
NLP:    764    8.654   12.045    5.700    0.942    0.894    0.437
NLP:    765  -13.846   12.045    5.700    0.042    0.894    0.437
NLP:    766  -11.346   12.045    5.700    0.142    0.894    0.437
NLP:    767   -8.846   12.045    5.700    0.242    0.894    0.437
NLP:    768   -6.346   12.045    5.700    0.342    0.894    0.437
NLP:    769   -3.846   12.045    5.700    0.442    0.894    0.437
NLP:    770    9.856   -7.805    5.700    0.592    0.005    0.437
NLP:    771   12.356   -7.805    5.700    0.692    0.005    0.437
NLP:    772   14.856   -7.805    5.700    0.792    0.005    0.437
NLP:    773   17.356   -7.805    5.700    0.892    0.005    0.437
NLP:    774   19.856   -7.805    5.700    0.992    0.005    0.437
NLP:    775   -2.644   -7.805    5.700    0.092    0.005    0.437
NLP:    776   -0.144   -7.805    5.700    0.192    0.005    0.437
NLP:    777    2.356   -7.805    5.700    0.292    0.005    0.437
NLP:    778    4.856   -7.805    5.700    0.392    0.005    0.437
NLP:    779    7.356   -7.805    5.700    0.492    0.005    0.437
NLP:    780    9.856   -5.305    5.700    0.642    0.117    0.437
NLP:    781   12.356   -5.305    5.700    0.742    0.117    0.437
NLP:    782   14.856   -5.305    5.700    0.842    0.117    0.437
NLP:    783   17.356   -5.305    5.700    0.942    0.117    0.437
NLP:    784   -5.144   -5.305    5.700    0.042    0.117    0.437
NLP:    785   -2.644   -5.305    5.700    0.142    0.117    0.437
NLP:    786   -0.144   -5.305    5.700    0.242    0.117    0.437
NLP:    787    2.356   -5.305    5.700    0.342    0.117    0.437
NLP:    788    4.856   -5.305    5.700    0.442    0.117    0.437
NLP:    789    7.356   -5.305    5.700    0.542    0.117    0.437
NLP:    790    9.856   -2.805    5.700    0.693    0.229    0.437
NLP:    791   12.356   -2.805    5.700    0.793    0.229    0.437
NLP:    792   14.856   -2.805    5.700    0.893    0.229    0.437
NLP:    793   17.356   -2.805    5.700    0.993    0.229    0.437
NLP:    794   -5.144   -2.805    5.700    0.093    0.229    0.437
NLP:    795   -2.644   -2.805    5.700    0.193    0.229    0.437
NLP:    796   -0.144   -2.805    5.700    0.293    0.229    0.437
NLP:    797    2.356   -2.805    5.700    0.393    0.229    0.437
NLP:    798    4.856   -2.805    5.700    0.493    0.229    0.437
NLP:    799    7.356   -2.805    5.700    0.593    0.229    0.437
NLP:    800   -1.346   -2.955    8.200    0.397    0.378    0.628
NLP:    801    1.154   -2.955    8.200    0.497    0.378    0.628
NLP:    802    3.654   -2.955    8.200    0.597    0.378    0.628
NLP:    803    6.154   -2.955    8.200    0.697    0.378    0.628
NLP:    804    8.654   -2.955    8.200    0.797    0.378    0.628
NLP:    805   11.154   -2.955    8.200    0.897    0.378    0.628
NLP:    806   13.654   -2.955    8.200    0.997    0.378    0.628
NLP:    807   -8.846   -2.955    8.200    0.097    0.378    0.628
NLP:    808   -6.346   -2.955    8.200    0.197    0.378    0.628
NLP:    809   -3.846   -2.955    8.200    0.297    0.378    0.628
NLP:    810   -1.346   -0.455    8.200    0.447    0.490    0.628
NLP:    811    1.154   -0.455    8.200    0.547    0.490    0.628
NLP:    812    3.654   -0.455    8.200    0.647    0.490    0.628
NLP:    813    6.154   -0.455    8.200    0.747    0.490    0.628
NLP:    814    8.654   -0.455    8.200    0.847    0.490    0.628
NLP:    815   11.154   -0.455    8.200    0.947    0.490    0.628
NLP:    816  -11.346   -0.455    8.200    0.047    0.490    0.628
NLP:    817   -8.846   -0.455    8.200    0.147    0.490    0.628
NLP:    818   -6.346   -0.455    8.200    0.247    0.490    0.628
NLP:    819   -3.846   -0.455    8.200    0.347    0.490    0.628
NLP:    820   -1.346    2.045    8.200    0.497    0.602    0.628
NLP:    821    1.154    2.045    8.200    0.597    0.602    0.628
NLP:    822    3.654    2.045    8.200    0.697    0.602    0.628
NLP:    823    6.154    2.045    8.200    0.797    0.602    0.628
NLP:    824    8.654    2.045    8.200    0.897    0.602    0.628
NLP:    825   11.154    2.045    8.200    0.997    0.602    0.628
NLP:    826  -11.346    2.045    8.200    0.097    0.602    0.628
NLP:    827   -8.846    2.045    8.200    0.197    0.602    0.628
NLP:    828   -6.346    2.045    8.200    0.297    0.602    0.628
NLP:    829   -3.846    2.045    8.200    0.397    0.602    0.628
NLP:    830   -1.346    4.545    8.200    0.547    0.713    0.628
NLP:    831    1.154    4.545    8.200    0.647    0.713    0.628
NLP:    832    3.654    4.545    8.200    0.747    0.713    0.628
NLP:    833    6.154    4.545    8.200    0.847    0.713    0.628
NLP:    834    8.654    4.545    8.200    0.947    0.713    0.628
NLP:    835  -13.846    4.545    8.200    0.047    0.713    0.628
NLP:    836  -11.346    4.545    8.200    0.147    0.713    0.628
NLP:    837   -8.846    4.545    8.200    0.247    0.713    0.628
NLP:    838   -6.346    4.545    8.200    0.347    0.713    0.628
NLP:    839   -3.846    4.545    8.200    0.447    0.713    0.628
NLP:    840   -1.346    7.045    8.200    0.598    0.825    0.628
NLP:    841    1.154    7.045    8.200    0.698    0.825    0.628
NLP:    842    3.654    7.045    8.200    0.798    0.825    0.628
NLP:    843    6.154    7.045    8.200    0.898    0.825    0.628
NLP:    844    8.654    7.045    8.200    0.998    0.825    0.628
NLP:    845  -13.846    7.045    8.200    0.098    0.825    0.628
NLP:    846  -11.346    7.045    8.200    0.198    0.825    0.628
NLP:    847   -8.846    7.045    8.200    0.298    0.825    0.628
NLP:    848   -6.346    7.045    8.200    0.398    0.825    0.628
NLP:    849   -3.846    7.045    8.200    0.498    0.825    0.628
NLP:    850   -1.346    9.545    8.200    0.648    0.937    0.628
NLP:    851    1.154    9.545    8.200    0.748    0.937    0.628
NLP:    852    3.654    9.545    8.200    0.848    0.937    0.628
NLP:    853    6.154    9.545    8.200    0.948    0.937    0.628
NLP:    854  -16.346    9.545    8.200    0.048    0.937    0.628
NLP:    855  -13.846    9.545    8.200    0.148    0.937    0.628
NLP:    856  -11.346    9.545    8.200    0.248    0.937    0.628
NLP:    857   -8.846    9.545    8.200    0.348    0.937    0.628
NLP:    858   -6.346    9.545    8.200    0.448    0.937    0.628
NLP:    859   -3.846    9.545    8.200    0.548    0.937    0.628
NLP:    860    9.856  -10.305    8.200    0.698    0.049    0.628
NLP:    861   12.356  -10.305    8.200    0.798    0.049    0.628
NLP:    862   14.856  -10.305    8.200    0.898    0.049    0.628
NLP:    863   17.356  -10.305    8.200    0.998    0.049    0.628
NLP:    864   -5.144  -10.305    8.200    0.098    0.049    0.628
NLP:    865   -2.644  -10.305    8.200    0.198    0.049    0.628
NLP:    866   -0.144  -10.305    8.200    0.298    0.049    0.628
NLP:    867    2.356  -10.305    8.200    0.398    0.049    0.628
NLP:    868    4.856  -10.305    8.200    0.498    0.049    0.628
NLP:    869    7.356  -10.305    8.200    0.598    0.049    0.628
NLP:    870    9.856   -7.805    8.200    0.748    0.161    0.628
NLP:    871   12.356   -7.805    8.200    0.848    0.161    0.628
NLP:    872   14.856   -7.805    8.200    0.948    0.161    0.628
NLP:    873   -7.644   -7.805    8.200    0.048    0.161    0.628
NLP:    874   -5.144   -7.805    8.200    0.148    0.161    0.628
NLP:    875   -2.644   -7.805    8.200    0.248    0.161    0.628
NLP:    876   -0.144   -7.805    8.200    0.348    0.161    0.628
NLP:    877    2.356   -7.805    8.200    0.448    0.161    0.628
NLP:    878    4.856   -7.805    8.200    0.548    0.161    0.628
NLP:    879    7.356   -7.805    8.200    0.648    0.161    0.628
NLP:    880    9.856   -5.305    8.200    0.798    0.273    0.628
NLP:    881   12.356   -5.305    8.200    0.898    0.273    0.628
NLP:    882   14.856   -5.305    8.200    0.998    0.273    0.628
NLP:    883   -7.644   -5.305    8.200    0.098    0.273    0.628
NLP:    884   -5.144   -5.305    8.200    0.198    0.273    0.628
NLP:    885   -2.644   -5.305    8.200    0.298    0.273    0.628
NLP:    886   -0.144   -5.305    8.200    0.398    0.273    0.628
NLP:    887    2.356   -5.305    8.200    0.498    0.273    0.628
NLP:    888    4.856   -5.305    8.200    0.598    0.273    0.628
NLP:    889    7.356   -5.305    8.200    0.698    0.273    0.628
NLP:    890    9.856   -2.805    8.200    0.848    0.385    0.628
NLP:    891   12.356   -2.805    8.200    0.948    0.385    0.628
NLP:    892  -10.144   -2.805    8.200    0.048    0.385    0.628
NLP:    893   -7.644   -2.805    8.200    0.148    0.385    0.628
NLP:    894   -5.144   -2.805    8.200    0.248    0.385    0.628
NLP:    895   -2.644   -2.805    8.200    0.348    0.385    0.628
NLP:    896   -0.144   -2.805    8.200    0.448    0.385    0.628
NLP:    897    2.356   -2.805    8.200    0.548    0.385    0.628
NLP:    898    4.856   -2.805    8.200    0.648    0.385    0.628
NLP:    899    7.356   -2.805    8.200    0.748    0.385    0.628
NLP:    900   -1.346   -2.955   10.700    0.553    0.533    0.820
NLP:    901    1.154   -2.955   10.700    0.653    0.533    0.820
NLP:    902    3.654   -2.955   10.700    0.753    0.533    0.820
NLP:    903    6.154   -2.955   10.700    0.853    0.533    0.820
NLP:    904    8.654   -2.955   10.700    0.953    0.533    0.820
NLP:    905  -13.846   -2.955   10.700    0.053    0.533    0.820
NLP:    906  -11.346   -2.955   10.700    0.153    0.533    0.820
NLP:    907   -8.846   -2.955   10.700    0.253    0.533    0.820
NLP:    908   -6.346   -2.955   10.700    0.353    0.533    0.820
NLP:    909   -3.846   -2.955   10.700    0.453    0.533    0.820
NLP:    910   -1.346   -0.455   10.700    0.603    0.645    0.820
NLP:    911    1.154   -0.455   10.700    0.703    0.645    0.820
NLP:    912    3.654   -0.455   10.700    0.803    0.645    0.820
NLP:    913    6.154   -0.455   10.700    0.903    0.645    0.820
NLP:    914  -16.346   -0.455   10.700    0.003    0.645    0.820
NLP:    915  -13.846   -0.455   10.700    0.103    0.645    0.820
NLP:    916  -11.346   -0.455   10.700    0.203    0.645    0.820
NLP:    917   -8.846   -0.455   10.700    0.303    0.645    0.820
NLP:    918   -6.346   -0.455   10.700    0.403    0.645    0.820
NLP:    919   -3.846   -0.455   10.700    0.503    0.645    0.820
NLP:    920   -1.346    2.045   10.700    0.653    0.757    0.820
NLP:    921    1.154    2.045   10.700    0.753    0.757    0.820
NLP:    922    3.654    2.045   10.700    0.853    0.757    0.820
NLP:    923    6.154    2.045   10.700    0.953    0.757    0.820
NLP:    924  -16.346    2.045   10.700    0.053    0.757    0.820
NLP:    925  -13.846    2.045   10.700    0.153    0.757    0.820
NLP:    926  -11.346    2.045   10.700    0.253    0.757    0.820
NLP:    927   -8.846    2.045   10.700    0.353    0.757    0.820
NLP:    928   -6.346    2.045   10.700    0.453    0.757    0.820
NLP:    929   -3.846    2.045   10.700    0.553    0.757    0.820
NLP:    930   -1.346    4.545   10.700    0.703    0.869    0.820
NLP:    931    1.154    4.545   10.700    0.803    0.869    0.820
NLP:    932    3.654    4.545   10.700    0.903    0.869    0.820
NLP:    933  -18.846    4.545   10.700    0.003    0.869    0.820
NLP:    934  -16.346    4.545   10.700    0.103    0.869    0.820
NLP:    935  -13.846    4.545   10.700    0.203    0.869    0.820
NLP:    936  -11.346    4.545   10.700    0.303    0.869    0.820
NLP:    937   -8.846    4.545   10.700    0.403    0.869    0.820
NLP:    938   -6.346    4.545   10.700    0.503    0.869    0.820
NLP:    939   -3.846    4.545   10.700    0.603    0.869    0.820
NLP:    940   -1.346    7.045   10.700    0.753    0.981    0.820
NLP:    941    1.154    7.045   10.700    0.853    0.981    0.820
NLP:    942    3.654    7.045   10.700    0.953    0.981    0.820
NLP:    943  -18.846    7.045   10.700    0.053    0.981    0.820
NLP:    944  -16.346    7.045   10.700    0.153    0.981    0.820
NLP:    945  -13.846    7.045   10.700    0.253    0.981    0.820
NLP:    946  -11.346    7.045   10.700    0.353    0.981    0.820
NLP:    947   -8.846    7.045   10.700    0.453    0.981    0.820
NLP:    948   -6.346    7.045   10.700    0.553    0.981    0.820
NLP:    949   -3.846    7.045   10.700    0.653    0.981    0.820
NLP:    950    9.856  -12.805   10.700    0.803    0.093    0.820
NLP:    951   12.356  -12.805   10.700    0.903    0.093    0.820
NLP:    952  -10.144  -12.805   10.700    0.003    0.093    0.820
NLP:    953   -7.644  -12.805   10.700    0.103    0.093    0.820
NLP:    954   -5.144  -12.805   10.700    0.203    0.093    0.820
NLP:    955   -2.644  -12.805   10.700    0.303    0.093    0.820
NLP:    956   -0.144  -12.805   10.700    0.403    0.093    0.820
NLP:    957    2.356  -12.805   10.700    0.503    0.093    0.820
NLP:    958    4.856  -12.805   10.700    0.603    0.093    0.820
NLP:    959    7.356  -12.805   10.700    0.703    0.093    0.820
NLP:    960    9.856  -10.305   10.700    0.853    0.205    0.820
NLP:    961   12.356  -10.305   10.700    0.953    0.205    0.820
NLP:    962  -10.144  -10.305   10.700    0.053    0.205    0.820
NLP:    963   -7.644  -10.305   10.700    0.153    0.205    0.820
NLP:    964   -5.144  -10.305   10.700    0.253    0.205    0.820
NLP:    965   -2.644  -10.305   10.700    0.353    0.205    0.820
NLP:    966   -0.144  -10.305   10.700    0.453    0.205    0.820
NLP:    967    2.356  -10.305   10.700    0.553    0.205    0.820
NLP:    968    4.856  -10.305   10.700    0.653    0.205    0.820
NLP:    969    7.356  -10.305   10.700    0.753    0.205    0.820
NLP:    970    9.856   -7.805   10.700    0.903    0.316    0.820
NLP:    971  -12.644   -7.805   10.700    0.003    0.316    0.820
NLP:    972  -10.144   -7.805   10.700    0.103    0.316    0.820
NLP:    973   -7.644   -7.805   10.700    0.203    0.316    0.820
NLP:    974   -5.144   -7.805   10.700    0.303    0.316    0.820
NLP:    975   -2.644   -7.805   10.700    0.403    0.316    0.820
NLP:    976   -0.144   -7.805   10.700    0.503    0.316    0.820
NLP:    977    2.356   -7.805   10.700    0.603    0.316    0.820
NLP:    978    4.856   -7.805   10.700    0.703    0.316    0.820
NLP:    979    7.356   -7.805   10.700    0.803    0.316    0.820
NLP:    980    9.856   -5.305   10.700    0.954    0.428    0.820
NLP:    981  -12.644   -5.305   10.700    0.054    0.428    0.820
NLP:    982  -10.144   -5.305   10.700    0.154    0.428    0.820
NLP:    983   -7.644   -5.305   10.700    0.254    0.428    0.820
NLP:    984   -5.144   -5.305   10.700    0.354    0.428    0.820
NLP:    985   -2.644   -5.305   10.700    0.454    0.428    0.820
NLP:    986   -0.144   -5.305   10.700    0.554    0.428    0.820
NLP:    987    2.356   -5.305   10.700    0.654    0.428    0.820
NLP:    988    4.856   -5.305   10.700    0.754    0.428    0.820
NLP:    989    7.356   -5.305   10.700    0.854    0.428    0.820
NLP:    990  -15.144   -2.805   10.700    0.004    0.540    0.820
NLP:    991  -12.644   -2.805   10.700    0.104    0.540    0.820
NLP:    992  -10.144   -2.805   10.700    0.204    0.540    0.820
NLP:    993   -7.644   -2.805   10.700    0.304    0.540    0.820
NLP:    994   -5.144   -2.805   10.700    0.404    0.540    0.820
NLP:    995   -2.644   -2.805   10.700    0.504    0.540    0.820
NLP:    996   -0.144   -2.805   10.700    0.604    0.540    0.820
NLP:    997    2.356   -2.805   10.700    0.704    0.540    0.820
NLP:    998    4.856   -2.805   10.700    0.804    0.540    0.820
NLP:    999    7.356   -2.805   10.700    0.904    0.540    0.820
